num lon lat alt item
1 112.8697469961087 28.10700090154908 0.0 4283
2 112.8697844184797 28.10700492895057 0.0 4272
3 112.8698394841849 28.10701127962529 0.0 4258
4 112.8698830036381 28.10701818784556 0.0 4246
5 112.8699281394362 28.10702718793364 0.0 4235
6 112.8699638011298 28.10703636645979 0.0 4226
7 112.8700214125643 28.10706102304785 0.0 4209
8 112.8700590056787 28.10708701152189 0.0 4198
9 112.870090157171 28.10711287114992 0.0 4187
10 112.8701238379964 28.10714483768464 0.0 4175
11 112.8701563468624 28.10717387323468 0.0 4164
12 112.8701915437558 28.10720541995956 0.0 4153
13 112.8702160724575 28.10722849311589 0.0 4146
14 112.8702424795836 28.10725320067639 0.0 4136
15 112.8702629423979 28.10726665860802 0.0 4129
16 112.8702865179822 28.10728716592963 0.0 4121
17 112.8703273259888 28.10730573568653 0.0 4110
18 112.8703628976498 28.10731710338298 0.0 4100
19 112.8704097602485 28.10732899160175 0.0 4087
20 112.8704637424576 28.1073367712556 0.0 4073
21 112.8705132613266 28.1073454470772 0.0 4060
22 112.8705623666981 28.10735433369243 0.0 4047
23 112.8705991630535 28.10736070389966 0.0 4039
24 112.8706503922836 28.1073718594472 0.0 4025
25 112.8707050057649 28.10738630100751 0.0 4010
26 112.8707698072296 28.10740766881436 0.0 3992
27 112.8708251496853 28.10742706151961 0.0 3977
28 112.8708745667074 28.10744154554204 0.0 3964
29 112.870919648646 28.10745389551757 0.0 3952
30 112.8709612789477 28.10746008233163 0.0 3941
31 112.8710295670356 28.10745915887598 0.0 3924
32 112.8710753967805 28.10746002320886 0.0 3913
33 112.8711128348186 28.10745709023187 0.0 3904
34 112.8711502783496 28.10745041100833 0.0 3895
35 112.8711906107927 28.1074416875679 0.0 3885
36 112.8712465618086 28.10742408163438 0.0 3868
37 112.8712755339032 28.10741048569462 0.0 3860
38 112.8713064936918 28.10738926329486 0.0 3850
39 112.8713473243264 28.10736569197361 0.0 3837
40 112.8713866397591 28.1073516920546 0.0 3826
41 112.8714296578052 28.10734414044846 0.0 3814
42 112.8714947776337 28.10733764717735 0.0 3796
43 112.8715223579917 28.10733773099142 0.0 3788
44 112.8715573805116 28.10733861650332 0.0 3779
45 112.8715993580959 28.10734820178773 0.0 3767
46 112.8716179872136 28.10736127640583 0.0 3761
47 112.8716531424698 28.10739448375406 0.0 3747
48 112.8716686759985 28.10741706285366 0.0 3739
49 112.8716907606225 28.10744890805814 0.0 3728
50 112.8716983382282 28.10747190543537 0.0 3721
51 112.8717056362779 28.10750337359163 0.0 3711
52 112.8717094168241 28.10753735749872 0.0 3701
53 112.8717047023545 28.10757104722641 0.0 3691
54 112.871693068466 28.10759791959753 0.0 3683
55 112.8716786569683 28.10762790002387 0.0 3674
56 112.8716647223998 28.10765728170361 0.0 3666
57 112.8716457488933 28.10768792220214 0.0 3656
58 112.8716252046593 28.1077167507664 0.0 3647
59 112.8716055639144 28.10774322022166 0.0 3638
60 112.8715871587032 28.10776475772547 0.0 3631
61 112.87156552477 28.10779519323113 0.0 3623
62 112.8715448103139 28.10782616498851 0.0 3613
63 112.871521462066 28.1078536422159 0.0 3604
64 112.871500813136 28.1078765020133 0.0 3595
65 112.8714779725542 28.1079009363253 0.0 3586
66 112.8714555950244 28.10793235166139 0.0 3576
67 112.8714253061423 28.10796799852597 0.0 3564
68 112.8713938901861 28.10800516467612 0.0 3551
69 112.8713615373047 28.10804140353648 0.0 3538
70 112.8713308433816 28.10807283216033 0.0 3527
71 112.8712995125273 28.10809633733748 0.0 3517
72 112.8712635371685 28.10811668223489 0.0 3507
73 112.8712292685002 28.10813426630935 0.0 3498
74 112.8711942223495 28.10814097700252 0.0 3490
75 112.8711460351351 28.10814935021201 0.0 3479
76 112.871101375334 28.10815362887022 0.0 3467
77 112.8710543231635 28.10814984019235 0.0 3455
78 112.871001782334 28.10814458203033 0.0 3441
79 112.8709582101495 28.1081275864351 0.0 3429
80 112.8709204919991 28.10811217889913 0.0 3420
81 112.8708871666616 28.10808871083074 0.0 3411
82 112.8708464402715 28.10805965214019 0.0 3398
83 112.8708277266933 28.10804299741022 0.0 3391
84 112.8708032172638 28.10802042271695 0.0 3382
85 112.8707852786051 28.1079944710922 0.0 3375
86 112.8707542181261 28.10795912618455 0.0 3364
87 112.870729638807 28.10792353947162 0.0 3353
88 112.8707108792318 28.10789643331308 0.0 3344
89 112.8706907632812 28.10787001570384 0.0 3335
90 112.8706722930203 28.10784607698149 0.0 3327
91 112.870644235919 28.10781607251734 0.0 3315
92 112.8706179209297 28.10779601698938 0.0 3306
93 112.8705864252422 28.10778148331028 0.0 3297
94 112.8705480090833 28.10777559289894 0.0 3287
95 112.8705156833871 28.10778182479585 0.0 3278
96 112.8704719896352 28.10779580073294 0.0 3266
97 112.8704285784721 28.10781480310148 0.0 3253
98 112.870387500137 28.10785264941787 0.0 3237
99 112.8703732020073 28.10788503753671 0.0 3227
100 112.8703665186179 28.10793114477898 0.0 3214
101 112.8703632890946 28.10798000293808 0.0 3200
102 112.8703548271967 28.10803485943229 0.0 3185
103 112.8703404196033 28.10807464227593 0.0 3175
104 112.8703287259584 28.10810237589147 0.0 3167
105 112.8703041222732 28.10814040071939 0.0 3155
106 112.8702755785444 28.10817010830837 0.0 3144
107 112.8702391371635 28.10819181265959 0.0 3133
108 112.8701924157276 28.10820404433289 0.0 3120
109 112.8701517098196 28.10820876633038 0.0 3109
110 112.8701078887232 28.10820930220605 0.0 3099
111 112.8700658855857 28.10820487482414 0.0 3088
112 112.8700254585945 28.10819293300111 0.0 3077
113 112.8699844416811 28.10817467209846 0.0 3065
114 112.8699581926875 28.10815677860436 0.0 3057
115 112.8699271971145 28.10812138022634 0.0 3045
116 112.8699127751368 28.10808951011436 0.0 3035
117 112.8698973412691 28.10805518370008 0.0 3025
118 112.8698834495347 28.10802501203674 0.0 3016
119 112.869865914718 28.10799060188845 0.0 3004
120 112.8698445346924 28.10796787989227 0.0 2995
121 112.8698227691168 28.10795293926472 0.0 2987
122 112.8698008627567 28.10794186746296 0.0 2980
123 112.8697722012416 28.10793205185255 0.0 2971
124 112.8697328349196 28.10792199743866 0.0 2959
125 112.8696833254772 28.10793114243974 0.0 2945
126 112.869644669108 28.10795236126829 0.0 2934
127 112.8696085009484 28.10797539199889 0.0 2922
128 112.8695862554264 28.1079939899174 0.0 2913
129 112.8695723598601 28.10802417642192 0.0 2903
130 112.8695491903191 28.10806665717401 0.0 2889
131 112.8695329194874 28.10809678358105 0.0 2879
132 112.8695090488839 28.10812714333543 0.0 2868
133 112.8694872981666 28.10815291850115 0.0 2859
134 112.8694570607102 28.10817892470779 0.0 2848
135 112.8694341946352 28.10819070074238 0.0 2843
136 112.8693968675326 28.10819602978408 0.0 2833
137 112.8693492545252 28.10820195403506 0.0 2820
138 112.8693056155276 28.10819403145371 0.0 2808
139 112.8692443383537 28.10816521661833 0.0 2792
140 112.8692074772748 28.10813001309665 0.0 2778
141 112.8691767920589 28.10810806884017 0.0 2768
142 112.8691340609684 28.10809168292927 0.0 2756
143 112.8690992343117 28.10808153184417 0.0 2746
144 112.8690604263829 28.10807143918768 0.0 2736
145 112.8690196016974 28.10806925405069 0.0 2725
146 112.8689857458073 28.10806886926335 0.0 2717
147 112.8689525682352 28.1080774964014 0.0 2708
148 112.8689140901477 28.10809554602353 0.0 2696
149 112.8688737372551 28.10812624632799 0.0 2682
150 112.8688446179053 28.10815173249087 0.0 2671
151 112.8688253630149 28.10818757654777 0.0 2659
152 112.8688145795646 28.108213467564 0.0 2652
153 112.86880420597 28.10824268126913 0.0 2643
154 112.8687970395546 28.10828573040597 0.0 2631
155 112.8687859143945 28.10832334042493 0.0 2620
156 112.8687796451459 28.10836071591329 0.0 2610
157 112.8687721070712 28.10840236583838 0.0 2599
158 112.8687607979694 28.10844481127801 0.0 2587
159 112.8687472806211 28.10847654673254 0.0 2578
160 112.8687261314155 28.10850250172159 0.0 2570
161 112.8686984045872 28.10852907788185 0.0 2561
162 112.868664204245 28.10855185851917 0.0 2551
163 112.8686226189913 28.10856476848353 0.0 2542
164 112.868569925128 28.1085724000833 0.0 2531
165 112.8685062867003 28.10857630864978 0.0 2515
166 112.8684454569398 28.10857630717038 0.0 2502
167 112.8684029268983 28.10857112535441 0.0 2492
168 112.8683517257564 28.10856925609471 0.0 2479
169 112.8682992226587 28.10856431478458 0.0 2466
170 112.8682314058164 28.10856143315516 0.0 2451
171 112.8681666070399 28.10855141249065 0.0 2435
172 112.8681309579827 28.10854712538161 0.0 438
