-122.10353075 37.45367478 10001
-122.10353132 37.45364083 10002
-122.10353848 37.45359005 10003
-122.10354559 37.45354024 10004
-122.10354307 37.45350004 10005
-122.10353532 37.45344935 10006
-122.10350907 37.45340364 10007
-122.10347974 37.45334697 10008
-122.10346055 37.45330260 10009
-122.10344655 37.45324600 10010
-122.10343826 37.45318182 10011
-122.10342341 37.45315402 10012
-122.10340083 37.45311183 10013
-122.10337557 37.45305706 10014
-122.10334669 37.45300458 10015
-122.10332936 37.45296480 10016
-122.10331206 37.45292525 10017
-122.10328092 37.45286074 10018
-122.10327281 37.45283095 10019
-122.10325130 37.45277518 10020
-122.10323104 37.45272819 10021
-122.10321118 37.45268214 10022
-122.10318402 37.45263072 10023
-122.10316593 37.45257376 10024
-122.10315322 37.45254251 10025
-122.10313038 37.45248720 10026
-122.10310851 37.45243960 10027
-122.10308317 37.45238667 10028
-122.10305835 37.45233483 10029
-122.10303053 37.45227895 10030
-122.10300098 37.45221925 10031
-122.10297761 37.45216350 10032
-122.10295170 37.45211853 10033
-122.10292793 37.45207267 10034
-122.10290647 37.45202786 10035
-122.10288226 37.45199159 10036
-122.10285726 37.45195266 10037
-122.10353075 37.45367478 10001
-122.10348681 37.45366602 20002
-122.10345229 37.45364585 20003
-122.10343408 37.45362783 20004
-122.10341721 37.45360214 20005
-122.10337460 37.45353213 20006
-122.10332882 37.45346032 20007
-122.10327172 37.45337797 20008
-122.10322869 37.45331326 20009
-122.10317775 37.45323964 20010
-122.10312830 37.45317318 20011
-122.10306057 37.45308945 20012
-122.10299714 37.45300173 20013
-122.10295629 37.45294569 20014
-122.10289828 37.45286780 20015
-122.10284546 37.45279025 20016
-122.10279521 37.45270904 20017
-122.10274726 37.45262432 20018
-122.10271018 37.45256565 20019
-122.10265705 37.45248225 20020
-122.10260507 37.45240429 20021
-122.10255705 37.45232910 20022
-122.10250164 37.45222262 20023
-122.10246345 37.45215880 20024
-122.10242131 37.45209032 20025
-122.10237530 37.45200566 20026
-122.10234650 37.45193105 20027
-122.10232566 37.45189113 20028
-122.10229882 37.45182469 20029
-122.10227434 37.45172268 20030
-122.10225465 37.45166306 20031
-122.10224227 37.45158367 20032
-122.10223633 37.45150840 20033
-122.10223477 37.45144916 20034
-122.10223865 37.45134744 20035
-122.10224898 37.45130081 20036
-122.10225917 37.45124787 20037
-122.10227578 37.45118636 20038
-122.10230266 37.45113086 20039
-122.10234125 37.45105521 20040
-122.10237730 37.45098343 20041
-122.10241660 37.45091017 20042
-122.10244934 37.45085536 20043
-122.10249298 37.45077447 20044
-122.10252698 37.45071110 20045
-122.10255774 37.45065971 20046
-122.10258577 37.45060792 20047
-122.10261768 37.45056156 20048
-122.10265528 37.45048034 20049
-122.10268695 37.45039404 20050
-122.10272009 37.45033243 20051
-122.10273884 37.45026400 20052
-122.10276020 37.45020086 20053
-122.10278190 37.45013395 20054
-122.10279124 37.45008874 20055
-122.10282166 37.44999914 20056
-122.10282849 37.44997445 20057
-122.10285010 37.44988847 20058
-122.10287295 37.44980128 20059
-122.10288110 37.44972743 20060
-122.10288916 37.44963793 20061
-122.10289482 37.44955101 20062
-122.10290103 37.44942254 20063
-122.10290004 37.44933512 20064
-122.10289540 37.44925065 20065
-122.10289668 37.44920171 20066
-122.10289209 37.44913605 20067
-122.10288853 37.44907931 20068
-122.10288954 37.44902068 20069
-122.10288828 37.44898382 20070
-122.10288642 37.44889124 20071
-122.10288861 37.44884295 20072
-122.10288808 37.44880227 20073
-122.10289139 37.44876392 20074
-122.10288658 37.44868498 20075
-122.10288556 37.44863258 20076
-122.10289367 37.44857424 20077
-122.10289777 37.44850516 20078
-122.10290329 37.44842908 20079
-122.10290742 37.44838105 20080
-122.10291172 37.44831809 20081
-122.10292027 37.44823972 20082
-122.10293768 37.44816100 20083
-122.10294834 37.44811867 20084
-122.10296226 37.44805695 20085
-122.10298313 37.44800525 20086
-122.10300157 37.44796397 20087
-122.10304233 37.44788343 20088
-122.10309645 37.44779435 20089
-122.10313764 37.44772886 20090
-122.10319386 37.44765607 20091
-122.10325141 37.44760319 20092
-122.10329213 37.44755408 20093
-122.10335453 37.44749476 20094
-122.10338804 37.44746470 20095
-122.10344043 37.44741103 20096
-122.10349209 37.44736795 20097
-122.10353039 37.44732544 20098
-122.10357688 37.44728714 20099
-122.10361621 37.44724789 20100
-122.10367549 37.44720079 20101
-122.10353075 37.45367478 10001
-122.10362845 37.45364490 30002
-122.10367898 37.45357809 30003
-122.10369218 37.45352200 30004
-122.10371257 37.45342083 30005
-122.10372970 37.45333309 30006
-122.10376131 37.45323258 30007
-122.10378704 37.45314070 30008
-122.10382182 37.45303316 30009
-122.10384755 37.45294126 30010
-122.10387271 37.45286731 30011
-122.10390661 37.45278682 30012
-122.10394079 37.45269731 30013
-122.10400267 37.45254297 30014
-122.10405700 37.45244490 30015
-122.10411985 37.45234700 30016
-122.10417932 37.45225953 30017
-122.10424508 37.45215943 30018
-122.10429309 37.45208149 30019
-122.10436425 37.45199049 30020
-122.10442649 37.45191063 30021
-122.10447417 37.45184174 30022
-122.10454298 37.45173497 30023
-122.10461741 37.45163055 30024
-122.10467632 37.45156855 30025
-122.10481616 37.45147409 30026
-122.10492026 37.45142204 30027
-122.10507004 37.45137078 30028
-122.10521617 37.45133548 30029
-122.10536271 37.45128885 30030
-122.10552054 37.45124694 30031
-122.10567863 37.45120268 30032
-122.10581597 37.45116469 30033
-122.10581597 37.45116469 30033
-122.10573209 37.45112291 40002
-122.10560957 37.45111681 40003
-122.10551472 37.45111229 40004
-122.10542716 37.45109670 40005
-122.10533407 37.45106776 40006
-122.10528495 37.45104078 40007
-122.10521429 37.45097486 40008
-122.10513871 37.45089288 40009
-122.10509624 37.45083800 40010
-122.10505170 37.45076158 40011
-122.10501007 37.45068864 40012
-122.10497729 37.45060259 40013
-122.10493407 37.45049485 40014
-122.10490569 37.45040252 40015
-122.10487391 37.45029759 40016
-122.10482816 37.45021032 40017
-122.10479261 37.45014572 40018
-122.10474362 37.45008597 40019
-122.10470975 37.45005149 40020
-122.10285726 37.45195266 10037
-122.10293506 37.45191664 50002
-122.10299347 37.45188362 50003
-122.10309124 37.45183174 50004
-122.10319021 37.45177602 50005
-122.10331272 37.45170357 50006
-122.10345061 37.45162047 50007
-122.10354254 37.45156624 50008
-122.10365035 37.45150952 50009
-122.10373606 37.45146369 50010
-122.10386587 37.45139638 50011
-122.10396401 37.45135598 50012
-122.10406653 37.45130511 50013
-122.10414748 37.45126701 50014
-122.10423407 37.45122056 50015
-122.10431905 37.45117638 50016
-122.10436366 37.45115256 50017
-122.10448053 37.45108054 50018
-122.10451196 37.45105692 50019
-122.10457892 37.45100423 50020
-122.10461230 37.45097523 50021
-122.10465093 37.45090090 50022
-122.10466526 37.45084769 50023
-122.10468233 37.45079052 50024
-122.10469292 37.45071003 50025
-122.10470320 37.45062766 50026
-122.10470836 37.45055708 50027
-122.10471323 37.45048199 50028
-122.10471606 37.45037409 50029
-122.10471044 37.45029111 50030
-122.10468548 37.45018840 50031
-122.10468440 37.45012394 50032
-122.10470975 37.45005149 40020
-122.10285726 37.45195266 10037
-122.10280773 37.45184947 60002
-122.10275173 37.45173511 60003
-122.10269247 37.45158346 60004
-122.10268357 37.45143230 60005
-122.10274423 37.45128383 60006
-122.10279488 37.45116014 60007
-122.10287552 37.45102274 60008
-122.10296476 37.45090311 60009
-122.10309038 37.45078967 60010
-122.10323170 37.45073572 60011
-122.10344392 37.45074935 60012
-122.10362053 37.45079749 60013
-122.10381556 37.45083284 60014
-122.10400149 37.45079166 60015
-122.10410934 37.45073381 60016
-122.10420850 37.45062021 60017
-122.10430875 37.45045510 60018
-122.10435758 37.45035188 60019
-122.10441288 37.45024247 60020
-122.10442296 37.45015819 60021
-122.10436385 37.45005912 60022
-122.10424903 37.44993458 60023
-122.10422481 37.44987744 60024
-122.10422856 37.44980796 60025
-122.10423566 37.44977183 60026
-122.10470975 37.45005149 40020
-122.10467700 37.45001520 70002
-122.10464269 37.44997853 70003
-122.10459908 37.44993979 70004
-122.10455182 37.44989553 70005
-122.10451609 37.44985246 70006
-122.10447744 37.44980632 70007
-122.10445236 37.44977388 70008
-122.10445236 37.44977388 70008
-122.10444280 37.44975324 80002
-122.10443357 37.44973328 80003
-122.10443553 37.44970995 80004
-122.10444407 37.44968976 80005
-122.10445999 37.44966732 80006
-122.10447951 37.44964599 80007
-122.10450374 37.44963107 80008
-122.10452526 37.44961892 80009
-122.10454423 37.44961269 80010
-122.10423566 37.44977183 60026
-122.10423859 37.44974381 90002
-122.10423709 37.44971841 90003
-122.10423125 37.44969531 90004
-122.10421441 37.44966899 90005
-122.10418921 37.44964428 90006
-122.10416709 37.44963126 90007
-122.10412154 37.44961666 90008
