1 116.11508 40.17057 75.000 0
2 116.11188 40.16976 73.000 2
3 116.10939 40.16962 76.000 2
4 116.10761 40.16846 78.000 2
5 116.10710 40.16750 80.000 2
6 116.10865 40.16637 75.000 2
7 116.10807 40.16519 76.000 2
8 116.10637 40.16536 78.000 2
9 116.10622 40.16604 79.000 2
10 116.10566 40.16489 77.000 2
11 116.10427 40.16406 81.000 2
12 116.10275 40.16255 83.000 2
13 116.10194 40.16116 87.000 2
14 116.10040 40.15976 87.000 2
15 116.09993 40.15916 88.000 2
16 116.09976 40.15689 85.000 2
17 116.09955 40.15516 95.000 2
18 116.09913 40.15493 90.000 3
19 116.09955 40.15516 95.000 2
20 116.10175 40.15564 86.000 2
21 116.10245 40.15604 84.000 2
22 116.10723 40.15609 80.000 2
23 116.10811 40.15871 80.000 2
24 116.10872 40.15970 79.000 2
25 116.10858 40.16053 78.000 2
26 116.11091 40.16309 75.000 2
27 116.11356 40.16246 76.000 4
28 116.10951 40.15776 79.000 5
29 116.10886 40.15730 79.000 2
30 116.11243 40.15670 72.000 2
31 116.11272 40.15406 75.000 2
32 116.11114 40.15285 75.000 2
33 116.11010 40.15164 73.000 2
34 116.11208 40.15060 75.000 2
35 116.11673 40.15301 74.000 2
36 116.11620 40.15450 77.000 2
37 116.11525 40.15555 72.000 2
38 116.11612 40.15709 72.000 2
39 116.11645 40.15805 70.000 2
40 116.11640 40.16227 70.000 2
41 116.11640 40.16455 70.000 2
42 116.11249 40.16464 74.000 2
43 116.11461 40.16793 68.000 2
44 116.11553 40.16937 68.000 1