112.87300232 28.10740279 10001
112.87228350 28.10756404 10013
112.86651417 28.10766819 20081
112.86611588 28.10772505 30008
112.87207981 28.10675687 40018
112.87200750 28.10646634 50008
112.87191148 28.10601242 60011
112.87140723 28.10687571 70001
112.87130923 28.10648707 80001
112.87135766 28.10667355 90007
112.87013490 28.10691782 110028
112.87008156 28.10673838 130018
112.86970717 28.10685859 150001
112.86974700 28.10700090 160001
112.86933815 28.10715263 170001
112.86813096 28.10854713 190172
112.86749050 28.10863203 200021
112.86711761 28.10808400 220012
112.86735261 28.10808720 230006
112.86809886 28.10699525 260059
112.86291357 28.10989046 290051
112.86305924 28.10965408 300038
112.86287794 28.11040941 310001
112.86272287 28.11002071 320001
112.86268552 28.10987184 330001
112.86262159 28.10948241 360001
112.86250121 28.10957994 380008
112.86243743 28.11003259 390001
112.86245724 28.11018801 410001
112.86303507 28.11070359 450007
112.86628681 28.10861714 460058
112.86719151 28.10993896 470021
112.86786552 28.11100311 480085
112.86851651 28.11217489 490001
112.86909952 28.11334868 500001
112.86938344 28.11396174 520001
112.86660830 28.11511796 530040
112.86235978 28.10915839 550010
112.86247638 28.10911536 560009
112.86223126 28.10862906 580012
112.86169365 28.10714134 600028
112.86174821 28.10669562 610012
112.86221203 28.10700000 620008
112.86195184 28.10676534 630001
112.86193808 28.10657877 650005
112.86192041 28.10641260 670005
112.86215121 28.10643420 680008
112.86326566 28.10560256 700055
112.86536792 28.10726216 720057
112.86397216 28.10813801 730001
112.86381778 28.10791170 740005
112.86401957 28.10719860 760011
112.86283081 28.10665802 780001
112.86456359 28.10654034 790019
112.84914274 28.12571556 810336
112.84898848 28.12569677 820001
