112.87300232 28.10740279 10001
112.87293094 28.10742046 10002
112.87287525 28.10743489 10003
112.87280538 28.10745242 10004
112.87273887 28.10746796 10005
112.87266950 28.10748168 10006
112.87262180 28.10749297 10007
112.87255800 28.10750555 10008
112.87248893 28.10751739 10009
112.87244414 28.10752770 10010
112.87239956 28.10754302 10011
112.87234917 28.10755187 10012
112.87228350 28.10756404 10013
112.87228350 28.10756404 10013
112.87229008 28.10759596 20002
112.87231373 28.10770030 20003
112.87232716 28.10775581 20004
112.87234445 28.10784314 20005
112.87236011 28.10792794 20006
112.87237117 28.10799124 20007
112.87236933 28.10804795 20008
112.87233761 28.10809615 20009
112.87228776 28.10812401 20010
112.87221527 28.10815379 20011
112.87213253 28.10818123 20012
112.87204116 28.10820083 20013
112.87197147 28.10822248 20014
112.87186109 28.10824639 20015
112.87178419 28.10825457 20016
112.87168008 28.10828372 20017
112.87160127 28.10829447 20018
112.87144907 28.10832068 20019
112.87135551 28.10834062 20020
112.87127881 28.10835561 20021
112.87119205 28.10837526 20022
112.87111477 28.10839436 20023
112.87102851 28.10841021 20024
112.87094416 28.10843196 20025
112.87084237 28.10844704 20026
112.87077096 28.10845949 20027
112.87069729 28.10848355 20028
112.87062043 28.10850308 20029
112.87052816 28.10853075 20030
112.87042262 28.10854657 20031
112.87031150 28.10857625 20032
112.87022885 28.10859949 20033
112.87011941 28.10862553 20034
112.87001637 28.10865567 20035
112.86992137 28.10868913 20036
112.86984146 28.10870991 20037
112.86976566 28.10872586 20038
112.86965864 28.10874571 20039
112.86955900 28.10876914 20040
112.86944029 28.10880162 20041
112.86932961 28.10882664 20042
112.86911958 28.10888200 20043
112.86901627 28.10890641 20044
112.86892462 28.10892942 20045
112.86882335 28.10896267 20046
112.86869795 28.10899927 20047
112.86862328 28.10902444 20048
112.86857558 28.10903710 20049
112.86847501 28.10907018 20050
112.86840808 28.10909437 20051
112.86832027 28.10912060 20052
112.86821393 28.10915496 20053
112.86811504 28.10918691 20054
112.86803209 28.10922140 20055
112.86794153 28.10925277 20056
112.86786499 28.10927733 20057
112.86778656 28.10928264 20058
112.86772109 28.10927881 20059
112.86764637 28.10923289 20060
112.86759724 28.10918098 20061
112.86755267 28.10912428 20062
112.86748868 28.10904263 20063
112.86744482 28.10898545 20064
112.86739506 28.10889348 20065
112.86731387 28.10877779 20066
112.86727837 28.10872250 20067
112.86721624 28.10862402 20068
112.86715236 28.10852874 20069
112.86708982 28.10842605 20070
112.86703036 28.10834264 20071
112.86695946 28.10824880 20072
112.86690794 28.10816979 20073
112.86685467 28.10809179 20074
112.86679801 28.10801140 20075
112.86673680 28.10793245 20076
112.86667138 28.10785178 20077
112.86661342 28.10777846 20078
112.86658092 28.10773256 20079
112.86654896 28.10769189 20080
112.86651417 28.10766819 20081
112.86651417 28.10766819 20081
112.86647965 28.10764757 30002
112.86640284 28.10763858 30003
112.86633819 28.10764454 30004
112.86627744 28.10766323 30005
112.86621902 28.10768772 30006
112.86616032 28.10770801 30007
112.86611588 28.10772505 30008
112.87228350 28.10756404 10013
112.87227572 28.10753148 40002
112.87225434 28.10746725 40003
112.87223778 28.10741684 40004
112.87222170 28.10736789 40005
112.87220919 28.10731445 40006
112.87219283 28.10722783 40007
112.87218250 28.10718373 40008
112.87217135 28.10715056 40009
112.87216236 28.10710728 40010
112.87214712 28.10704097 40011
112.87213803 28.10699880 40012
112.87212941 28.10696453 40013
112.87212075 28.10690936 40014
112.87210804 28.10687265 40015
112.87209493 28.10683001 40016
112.87208719 28.10679058 40017
112.87207981 28.10675687 40018
112.87207981 28.10675687 40018
112.87206846 28.10671021 50002
112.87205627 28.10665287 50003
112.87204235 28.10661277 50004
112.87203046 28.10656608 50005
112.87202380 28.10653132 50006
112.87201564 28.10649880 50007
112.87200750 28.10646634 50008
112.87200750 28.10646634 50008
112.87199696 28.10642397 60002
112.87198913 28.10638212 60003
112.87198219 28.10633403 60004
112.87197272 28.10628744 60005
112.87196065 28.10624232 60006
112.87195559 28.10620147 60007
112.87194319 28.10615069 60008
112.87192889 28.10609711 60009
112.87192173 28.10604678 60010
112.87191148 28.10601242 60011
112.87140723 28.10687571 70001
112.87147321 28.10686813 70002
112.87152334 28.10685935 70003
112.87160316 28.10684533 70004
112.87171327 28.10682500 70005
112.87178707 28.10681104 70006
112.87187779 28.10679262 70007
112.87193484 28.10678405 70008
112.87202952 28.10676919 70009
112.87207981 28.10675687 40018
112.87130923 28.10648707 80001
112.87134282 28.10648163 80002
112.87137801 28.10647432 80003
112.87141777 28.10646490 80004
112.87146308 28.10645845 80005
112.87151332 28.10645027 80006
112.87155228 28.10645127 80007
112.87160061 28.10645941 80008
112.87164081 28.10647169 80009
112.87166780 28.10648539 80010
112.87170195 28.10650098 80011
112.87175213 28.10650403 80012
112.87179328 28.10650466 80013
112.87185152 28.10649659 80014
112.87190175 28.10649018 80015
112.87195607 28.10647803 80016
112.87200750 28.10646634 50008
112.87140723 28.10687571 70001
112.87139803 28.10684369 90002
112.87138431 28.10680162 90003
112.87137420 28.10676222 90004
112.87136851 28.10672515 90005
112.87136344 28.10669857 90006
112.87135766 28.10667355 90007
112.87135766 28.10667355 90007
112.87134576 28.10663318 100002
112.87133629 28.10658910 100003
112.87131720 28.10652294 100004
112.87130923 28.10648707 80001
112.87140723 28.10687571 70001
112.87135423 28.10688777 110002
112.87127727 28.10690048 110003
112.87122092 28.10691091 110004
112.87117323 28.10692119 110005
112.87111404 28.10693548 110006
112.87104550 28.10694736 110007
112.87097692 28.10695951 110008
112.87091605 28.10697460 110009
112.87085216 28.10698661 110010
112.87081836 28.10699700 110011
112.87075527 28.10700951 110012
112.87071370 28.10701729 110013
112.87067025 28.10702538 110014
112.87062188 28.10703316 110015
112.87056126 28.10704739 110016
112.87050652 28.10705616 110017
112.87045135 28.10704978 110018
112.87041188 28.10704279 110019
112.87036059 28.10703694 110020
112.87032013 28.10703122 110021
112.87027225 28.10702333 110022
112.87022030 28.10701627 110023
112.87018769 28.10700451 110024
112.87016685 28.10698847 110025
112.87014688 28.10696004 110026
112.87013702 28.10693128 110027
112.87013490 28.10691782 110028
112.87013490 28.10691782 110028
112.87018148 28.10691209 120002
112.87025170 28.10690059 120003
112.87030300 28.10689219 120004
112.87039498 28.10687600 120005
112.87046700 28.10686421 120006
112.87058797 28.10683847 120007
112.87071475 28.10680940 120008
112.87078573 28.10679529 120009
112.87088478 28.10677147 120010
112.87097363 28.10675390 120011
112.87106769 28.10673768 120012
112.87115200 28.10672142 120013
112.87121096 28.10670492 120014
112.87127506 28.10669313 120015
112.87133437 28.10668214 120016
112.87135766 28.10667355 90007
112.87130923 28.10648707 80001
112.87126971 28.10649708 130002
112.87121038 28.10651233 130003
112.87115909 28.10651909 130004
112.87104785 28.10654344 130005
112.87095516 28.10656031 130006
112.87090261 28.10657260 130007
112.87084673 28.10658027 130008
112.87076386 28.10659897 130009
112.87068542 28.10661403 130010
112.87062632 28.10662334 130011
112.87054257 28.10664109 130012
112.87044276 28.10666161 130013
112.87035563 28.10668044 130014
112.87029018 28.10669069 130015
112.87021635 28.10670853 130016
112.87015789 28.10672386 130017
112.87008156 28.10673838 130018
112.87013490 28.10691782 110028
112.87012375 28.10688280 140002
112.87010849 28.10683906 140003
112.87010292 28.10681458 140004
112.87009175 28.10677335 140005
112.87008156 28.10673838 130018
112.86970717 28.10685859 150001
112.86972038 28.10684893 150002
112.86975500 28.10683629 150003
112.86980588 28.10681877 150004
112.86987477 28.10679698 150005
112.86993730 28.10677824 150006
112.86998959 28.10676257 150007
112.87004860 28.10674712 150008
112.87008156 28.10673838 130018
112.86974700 28.10700090 160001
112.86974848 28.10696987 160002
112.86974128 28.10693921 160003
112.86972801 28.10689287 160004
112.86971776 28.10687542 160005
112.86970717 28.10685859 150001
112.86933815 28.10715263 170001
112.86936051 28.10717207 170002
112.86938016 28.10719332 170003
112.86942975 28.10721567 170004
112.86947288 28.10722197 170005
112.86952859 28.10722260 170006
112.86958607 28.10720967 170007
112.86963210 28.10719001 170008
112.86966110 28.10717028 170009
112.86969286 28.10714260 170010
112.86971914 28.10710942 170011
112.86972653 28.10708381 170012
112.86973765 28.10704683 170013
112.86974264 28.10702080 170014
112.86974700 28.10700090 160001
112.86933815 28.10715263 170001
112.86931762 28.10712056 180002
112.86930028 28.10707340 180003
112.86928642 28.10703220 180004
112.86927886 28.10699000 180005
112.86928368 28.10694490 180006
112.86929723 28.10691022 180007
112.86932039 28.10687658 180008
112.86936285 28.10683074 180009
112.86939218 28.10680629 180010
112.86943020 28.10678928 180011
112.86947891 28.10677593 180012
112.86952206 28.10676847 180013
112.86958773 28.10677976 180014
112.86963426 28.10679200 180015
112.86967976 28.10682839 180016
112.86970717 28.10685859 150001
112.86974700 28.10700090 160001
112.86978442 28.10700493 190002
112.86983948 28.10701128 190003
112.86988300 28.10701819 190004
112.86992814 28.10702719 190005
112.86996380 28.10703637 190006
112.87002141 28.10706102 190007
112.87005901 28.10708701 190008
112.87009016 28.10711287 190009
112.87012384 28.10714484 190010
112.87015635 28.10717387 190011
112.87019154 28.10720542 190012
112.87021607 28.10722849 190013
112.87024248 28.10725320 190014
112.87026294 28.10726666 190015
112.87028652 28.10728717 190016
112.87032733 28.10730574 190017
112.87036290 28.10731710 190018
112.87040976 28.10732899 190019
112.87046374 28.10733677 190020
112.87051326 28.10734545 190021
112.87056237 28.10735433 190022
112.87059916 28.10736070 190023
112.87065039 28.10737186 190024
112.87070501 28.10738630 190025
112.87076981 28.10740767 190026
112.87082515 28.10742706 190027
112.87087457 28.10744155 190028
112.87091965 28.10745390 190029
112.87096128 28.10746008 190030
112.87102957 28.10745916 190031
112.87107540 28.10746002 190032
112.87111283 28.10745709 190033
112.87115028 28.10745041 190034
112.87119061 28.10744169 190035
112.87124656 28.10742408 190036
112.87127553 28.10741049 190037
112.87130649 28.10738926 190038
112.87134732 28.10736569 190039
112.87138664 28.10735169 190040
112.87142966 28.10734414 190041
112.87149478 28.10733765 190042
112.87152236 28.10733773 190043
112.87155738 28.10733862 190044
112.87159936 28.10734820 190045
112.87161799 28.10736128 190046
112.87165314 28.10739448 190047
112.87166868 28.10741706 190048
112.87169076 28.10744891 190049
112.87169834 28.10747191 190050
112.87170564 28.10750337 190051
112.87170942 28.10753736 190052
112.87170470 28.10757105 190053
112.87169307 28.10759792 190054
112.87167866 28.10762790 190055
112.87166472 28.10765728 190056
112.87164575 28.10768792 190057
112.87162520 28.10771675 190058
112.87160556 28.10774322 190059
112.87158716 28.10776476 190060
112.87156552 28.10779519 190061
112.87154481 28.10782616 190062
112.87152146 28.10785364 190063
112.87150081 28.10787650 190064
112.87147797 28.10790094 190065
112.87145560 28.10793235 190066
112.87142531 28.10796800 190067
112.87139389 28.10800516 190068
112.87136154 28.10804140 190069
112.87133084 28.10807283 190070
112.87129951 28.10809634 190071
112.87126354 28.10811668 190072
112.87122927 28.10813427 190073
112.87119422 28.10814098 190074
112.87114604 28.10814935 190075
112.87110138 28.10815363 190076
112.87105432 28.10814984 190077
112.87100178 28.10814458 190078
112.87095821 28.10812759 190079
112.87092049 28.10811218 190080
112.87088717 28.10808871 190081
112.87084644 28.10805965 190082
112.87082773 28.10804300 190083
112.87080322 28.10802042 190084
112.87078528 28.10799447 190085
112.87075422 28.10795913 190086
112.87072964 28.10792354 190087
112.87071088 28.10789643 190088
112.87069076 28.10787002 190089
112.87067229 28.10784608 190090
112.87064424 28.10781607 190091
112.87061792 28.10779602 190092
112.87058643 28.10778148 190093
112.87054801 28.10777559 190094
112.87051568 28.10778182 190095
112.87047199 28.10779580 190096
112.87042858 28.10781480 190097
112.87038750 28.10785265 190098
112.87037320 28.10788504 190099
112.87036652 28.10793114 190100
112.87036329 28.10798000 190101
112.87035483 28.10803486 190102
112.87034042 28.10807464 190103
112.87032873 28.10810238 190104
112.87030412 28.10814040 190105
112.87027558 28.10817011 190106
112.87023914 28.10819181 190107
112.87019242 28.10820404 190108
112.87015171 28.10820877 190109
112.87010789 28.10820930 190110
112.87006589 28.10820487 190111
112.87002546 28.10819293 190112
112.86998444 28.10817467 190113
112.86995819 28.10815678 190114
112.86992720 28.10812138 190115
112.86991278 28.10808951 190116
112.86989734 28.10805518 190117
112.86988345 28.10802501 190118
112.86986591 28.10799060 190119
112.86984453 28.10796788 190120
112.86982277 28.10795294 190121
112.86980086 28.10794187 190122
112.86977220 28.10793205 190123
112.86973283 28.10792200 190124
112.86968333 28.10793114 190125
112.86964467 28.10795236 190126
112.86960850 28.10797539 190127
112.86958626 28.10799399 190128
112.86957236 28.10802418 190129
112.86954919 28.10806666 190130
112.86953292 28.10809678 190131
112.86950905 28.10812714 190132
112.86948730 28.10815292 190133
112.86945706 28.10817892 190134
112.86943419 28.10819070 190135
112.86939687 28.10819603 190136
112.86934925 28.10820195 190137
112.86930562 28.10819403 190138
112.86924434 28.10816522 190139
112.86920748 28.10813001 190140
112.86917679 28.10810807 190141
112.86913406 28.10809168 190142
112.86909923 28.10808153 190143
112.86906043 28.10807144 190144
112.86901960 28.10806925 190145
112.86898575 28.10806887 190146
112.86895257 28.10807750 190147
112.86891409 28.10809555 190148
112.86887374 28.10812625 190149
112.86884462 28.10815173 190150
112.86882536 28.10818758 190151
112.86881458 28.10821347 190152
112.86880421 28.10824268 190153
112.86879704 28.10828573 190154
112.86878591 28.10832334 190155
112.86877965 28.10836072 190156
112.86877211 28.10840237 190157
112.86876080 28.10844481 190158
112.86874728 28.10847655 190159
112.86872613 28.10850250 190160
112.86869840 28.10852908 190161
112.86866420 28.10855186 190162
112.86862262 28.10856477 190163
112.86856993 28.10857240 190164
112.86850629 28.10857631 190165
112.86844546 28.10857631 190166
112.86840293 28.10857113 190167
112.86835173 28.10856926 190168
112.86829922 28.10856431 190169
112.86823141 28.10856143 190170
112.86816661 28.10855141 190171
112.86813096 28.10854713 190172
112.86813096 28.10854713 190172
112.86812667 28.10857455 200002
112.86811835 28.10864798 200003
112.86811162 28.10872531 200004
112.86810744 28.10877932 200005
112.86810970 28.10883224 200006
112.86810056 28.10888304 200007
112.86808242 28.10891927 200008
112.86804408 28.10895059 200009
112.86799327 28.10896667 200010
112.86793442 28.10898166 200011
112.86788336 28.10899024 200012
112.86783416 28.10898199 200013
112.86779654 28.10896991 200014
112.86775058 28.10894090 200015
112.86768890 28.10889283 200016
112.86764498 28.10884014 200017
112.86758588 28.10875186 200018
112.86754773 28.10870329 200019
112.86751018 28.10865547 200020
112.86749050 28.10863203 200021
112.86749050 28.10863203 200021
112.86752476 28.10861127 210002
112.86757612 28.10858138 210003
112.86761315 28.10855980 210004
112.86766445 28.10853575 210005
112.86772543 28.10850616 210006
112.86776811 28.10848611 210007
112.86781574 28.10845099 210008
112.86784945 28.10840860 210009
112.86788471 28.10836616 210010
112.86792333 28.10830791 210011
112.86795554 28.10827378 210012
112.86799481 28.10824694 210013
112.86803807 28.10823550 210014
112.86809198 28.10826106 210015
112.86811933 28.10828574 210016
112.86813798 28.10833478 210017
112.86814368 28.10838626 210018
112.86813915 28.10844756 210019
112.86813525 28.10850729 210020
112.86813096 28.10854713 190172
112.86749050 28.10863203 200021
112.86747131 28.10860263 220002
112.86743794 28.10855063 220003
112.86740762 28.10849700 220004
112.86737842 28.10846075 220005
112.86731332 28.10837858 220006
112.86727585 28.10833221 220007
112.86723984 28.10827923 220008
112.86719375 28.10821132 220009
112.86716597 28.10816806 220010
112.86713711 28.10811525 220011
112.86711761 28.10808400 220012
112.86711761 28.10808400 220012
112.86716870 28.10810520 230002
112.86722328 28.10810529 230003
112.86726933 28.10810378 230004
112.86732116 28.10809613 230005
112.86735261 28.10808720 230006
112.86711761 28.10808400 220012
112.86710100 28.10806070 240002
112.86707180 28.10801179 240003
112.86706589 28.10796586 240004
112.86707833 28.10791868 240005
112.86710564 28.10788649 240006
112.86717034 28.10785368 240007
112.86722609 28.10783477 240008
112.86730236 28.10783988 240009
112.86737338 28.10787474 240010
112.86740689 28.10791057 240011
112.86742465 28.10795877 240012
112.86741497 28.10801895 240013
112.86738465 28.10806451 240014
112.86735261 28.10808720 230006
112.86735261 28.10808720 230006
112.86738979 28.10811719 250002
112.86743558 28.10814828 250003
112.86748642 28.10817800 250004
112.86756020 28.10820328 250005
112.86761771 28.10821311 250006
112.86767175 28.10820124 250007
112.86771674 28.10817774 250008
112.86773924 28.10814689 250009
112.86775507 28.10810327 250010
112.86775923 28.10806006 250011
112.86775539 28.10800620 250012
112.86775494 28.10795406 250013
112.86775477 28.10790360 250014
112.86775595 28.10784064 250015
112.86776148 28.10775749 250016
112.86776888 28.10770793 250017
112.86778213 28.10765787 250018
112.86780806 28.10760292 250019
112.86783185 28.10755713 250020
112.86786242 28.10751499 250021
112.86790881 28.10746488 250022
112.86796869 28.10741891 250023
112.86803653 28.10739234 250024
112.86812739 28.10737523 250025
112.86817511 28.10737885 250026
112.86824102 28.10739680 250027
112.86830010 28.10743001 250028
112.86833744 28.10746197 250029
112.86837038 28.10752227 250030
112.86839080 28.10756690 250031
112.86840005 28.10760257 250032
112.86840208 28.10765640 250033
112.86839695 28.10771320 250034
112.86839095 28.10776303 250035
112.86838936 28.10782797 250036
112.86840001 28.10787675 250037
112.86842471 28.10792127 250038
112.86845667 28.10795059 250039
112.86849671 28.10796782 250040
112.86853801 28.10797680 250041
112.86858185 28.10797494 250042
112.86862637 28.10796075 250043
112.86865793 28.10794002 250044
112.86868969 28.10791019 250045
112.86872411 28.10787650 250046
112.86875917 28.10782603 250047
112.86878843 28.10778426 250048
112.86883270 28.10774468 250049
112.86887234 28.10773012 250050
112.86892389 28.10771499 250051
112.86897104 28.10772219 250052
112.86901234 28.10773609 250053
112.86907489 28.10776525 250054
112.86911464 28.10777800 250055
112.86918712 28.10777292 250056
112.86922702 28.10774975 250057
112.86924657 28.10772137 250058
112.86925496 28.10768965 250059
112.86924710 28.10765659 250060
112.86922656 28.10762713 250061
112.86920361 28.10759183 250062
112.86918565 28.10756777 250063
112.86916665 28.10753904 250064
112.86914875 28.10751061 250065
112.86913509 28.10748226 250066
112.86912530 28.10744375 250067
112.86912523 28.10739821 250068
112.86913863 28.10735181 250069
112.86916802 28.10731796 250070
112.86919104 28.10729047 250071
112.86922588 28.10725560 250072
112.86925497 28.10723275 250073
112.86930956 28.10718224 250074
112.86933815 28.10715263 170001
112.87191148 28.10601242 60011
112.87187103 28.10602023 260002
112.87180292 28.10602973 260003
112.87174262 28.10604143 260004
112.87170157 28.10604642 260005
112.87164671 28.10605572 260006
112.87159520 28.10606262 260007
112.87152437 28.10607161 260008
112.87147368 28.10608554 260009
112.87142260 28.10609690 260010
112.87136185 28.10610863 260011
112.87129303 28.10612092 260012
112.87123610 28.10612749 260013
112.87117878 28.10613817 260014
112.87111362 28.10614933 260015
112.87102617 28.10616086 260016
112.87097465 28.10616511 260017
112.87093101 28.10617019 260018
112.87084728 28.10619045 260019
112.87075612 28.10620577 260020
112.87068938 28.10621675 260021
112.87061718 28.10623272 260022
112.87056276 28.10624644 260023
112.87050084 28.10625656 260024
112.87043577 28.10626634 260025
112.87037519 28.10627801 260026
112.87029747 28.10629767 260027
112.87023859 28.10630814 260028
112.87014154 28.10632855 260029
112.87006205 28.10634808 260030
112.86999773 28.10636223 260031
112.86993479 28.10638067 260032
112.86986267 28.10640280 260033
112.86977082 28.10642557 260034
112.86969829 28.10645157 260035
112.86960898 28.10647617 260036
112.86954444 28.10649633 260037
112.86949087 28.10650911 260038
112.86939762 28.10653888 260039
112.86932369 28.10656329 260040
112.86925770 28.10657867 260041
112.86917991 28.10659972 260042
112.86910877 28.10662000 260043
112.86901583 28.10665036 260044
112.86894145 28.10667427 260045
112.86889380 28.10668983 260046
112.86883826 28.10671698 260047
112.86875787 28.10674280 260048
112.86868929 28.10676300 260049
112.86863142 28.10678442 260050
112.86856357 28.10680897 260051
112.86846567 28.10684428 260052
112.86840891 28.10686603 260053
112.86833076 28.10689253 260054
112.86825673 28.10692235 260055
112.86820798 28.10694095 260056
112.86815071 28.10696289 260057
112.86810734 28.10698770 260058
112.86809886 28.10699525 260059
112.86809886 28.10699525 260059
112.86806151 28.10700090 270002
112.86800063 28.10701705 270003
112.86795118 28.10702426 270004
112.86788864 28.10703233 270005
112.86782985 28.10704388 270006
112.86774550 28.10704384 270007
112.86768899 28.10704569 270008
112.86762592 28.10704993 270009
112.86755878 28.10706381 270010
112.86748940 28.10708463 270011
112.86743912 28.10710249 270012
112.86735003 28.10713195 270013
112.86728971 28.10715622 270014
112.86722741 28.10718703 270015
112.86715235 28.10721714 270016
112.86709978 28.10724174 270017
112.86702876 28.10727779 270018
112.86695671 28.10732505 270019
112.86689043 28.10735741 270020
112.86679381 28.10739683 270021
112.86672855 28.10742257 270022
112.86665966 28.10745361 270023
112.86657651 28.10748498 270024
112.86650067 28.10752122 270025
112.86644536 28.10754554 270026
112.86636006 28.10758690 270027
112.86630635 28.10761804 270028
112.86624561 28.10765386 270029
112.86615820 28.10769591 270030
112.86611588 28.10772505 30008
112.86809886 28.10699525 260059
112.86806315 28.10701805 280002
112.86800178 28.10705389 280003
112.86793946 28.10708898 280004
112.86787009 28.10710932 280005
112.86778086 28.10714581 280006
112.86766072 28.10719230 280007
112.86757274 28.10722025 280008
112.86751487 28.10724747 280009
112.86743933 28.10728556 280010
112.86737358 28.10732067 280011
112.86730412 28.10734699 280012
112.86722918 28.10737703 280013
112.86711994 28.10742046 280014
112.86702651 28.10745296 280015
112.86694409 28.10748948 280016
112.86686767 28.10752083 280017
112.86679121 28.10755351 280018
112.86671625 28.10757637 280019
112.86663571 28.10761024 280020
112.86655681 28.10764354 280021
112.86651417 28.10766819 20081
112.86651417 28.10766819 20081
112.86646995 28.10768744 290002
112.86641344 28.10771583 290003
112.86634844 28.10774702 290004
112.86629800 28.10777492 290005
112.86624125 28.10780834 290006
112.86617420 28.10784493 290007
112.86609070 28.10789371 290008
112.86602460 28.10792746 290009
112.86595144 28.10797623 290010
112.86587472 28.10802721 290011
112.86582266 28.10806535 290012
112.86574275 28.10811290 290013
112.86566077 28.10816278 290014
112.86556583 28.10822263 290015
112.86549108 28.10826804 290016
112.86542209 28.10830671 290017
112.86534159 28.10835884 290018
112.86526823 28.10839802 290019
112.86520422 28.10843802 290020
112.86515033 28.10847079 290021
112.86508140 28.10850946 290022
112.86502106 28.10854509 290023
112.86493278 28.10859231 290024
112.86486894 28.10863658 290025
112.86480208 28.10867728 290026
112.86473587 28.10872182 290027
112.86467048 28.10875606 290028
112.86458842 28.10879950 290029
112.86450418 28.10884861 290030
112.86441198 28.10890789 290031
112.86435076 28.10895197 290032
112.86429233 28.10898710 290033
112.86421953 28.10903088 290034
112.86414094 28.10908072 290035
112.86407894 28.10911771 290036
112.86401513 28.10915665 290037
112.86396006 28.10919490 290038
112.86388461 28.10924357 290039
112.86380534 28.10929796 290040
112.86372844 28.10935607 290041
112.86364253 28.10941101 290042
112.86354657 28.10947619 290043
112.86347385 28.10953040 290044
112.86339706 28.10958289 290045
112.86331814 28.10963350 290046
112.86323358 28.10969003 290047
112.86315257 28.10974258 290048
112.86307277 28.10979531 290049
112.86297207 28.10985194 290050
112.86291357 28.10989046 290051
112.86611588 28.10772505 30008
112.86607344 28.10775034 300002
112.86602564 28.10778030 300003
112.86594954 28.10782754 300004
112.86587722 28.10786308 300005
112.86580407 28.10791329 300006
112.86572838 28.10796241 300007
112.86564161 28.10800847 300008
112.86553433 28.10806940 300009
112.86543286 28.10812590 300010
112.86534708 28.10818199 300011
112.86527591 28.10822144 300012
112.86515153 28.10828893 300013
112.86507077 28.10833445 300014
112.86499451 28.10838357 300015
112.86491423 28.10843680 300016
112.86483342 28.10848234 300017
112.86473619 28.10853656 300018
112.86465577 28.10858393 300019
112.86455396 28.10864645 300020
112.86447372 28.10869574 300021
112.86439741 28.10874097 300022
112.86432557 28.10878982 300023
112.86423733 28.10885327 300024
112.86414247 28.10891038 300025
112.86407591 28.10895854 300026
112.86402351 28.10899728 300027
112.86393377 28.10905372 300028
112.86385636 28.10909564 300029
112.86377149 28.10915262 300030
112.86369468 28.10921545 300031
112.86360841 28.10927215 300032
112.86352059 28.10933574 300033
112.86343031 28.10939815 300034
112.86333280 28.10946987 300035
112.86322263 28.10954587 300036
112.86314023 28.10960163 300037
112.86305924 28.10965408 300038
112.86287794 28.11040941 310001
112.86284702 28.11033450 310002
112.86283430 28.11025461 310003
112.86283157 28.11018398 310004
112.86283837 28.11011474 310005
112.86285856 28.11004470 310006
112.86287125 28.10999125 310007
112.86289033 28.10993557 310008
112.86291357 28.10989046 290051
112.86272287 28.11002071 320001
112.86273981 28.11000781 320002
112.86278717 28.10997445 320003
112.86282244 28.10995305 320004
112.86287321 28.10991827 320005
112.86291357 28.10989046 290051
112.86268552 28.10987184 330001
112.86272019 28.10987895 330002
112.86277259 28.10988814 330003
112.86281753 28.10989121 330004
112.86285434 28.10989383 330005
112.86291357 28.10989046 290051
112.86272287 28.11002071 320001
112.86271369 28.10998830 340002
112.86270026 28.10994803 340003
112.86269093 28.10991431 340004
112.86268854 28.10989653 340005
112.86268552 28.10987184 330001
112.86268552 28.10987184 330001
112.86272453 28.10984805 350002
112.86277752 28.10981503 350003
112.86284660 28.10977247 350004
112.86290104 28.10974132 350005
112.86295914 28.10971165 350006
112.86303075 28.10966949 350007
112.86305924 28.10965408 300038
112.86262159 28.10948241 360001
112.86264836 28.10952498 360002
112.86267520 28.10955261 360003
112.86271125 28.10958592 360004
112.86275126 28.10961517 360005
112.86278948 28.10963541 360006
112.86286639 28.10965902 360007
112.86292188 28.10966894 360008
112.86296764 28.10966470 360009
112.86301435 28.10966173 360010
112.86305924 28.10965408 300038
112.86268552 28.10987184 330001
112.86267856 28.10984160 370002
112.86266639 28.10978182 370003
112.86265799 28.10972568 370004
112.86264876 28.10966397 370005
112.86264280 28.10962416 370006
112.86263622 28.10958017 370007
112.86262819 28.10952650 370008
112.86262159 28.10948241 360001
112.86268552 28.10987184 330001
112.86265953 28.10983723 380002
112.86263583 28.10979670 380003
112.86260470 28.10974990 380004
112.86257927 28.10970932 380005
112.86255399 28.10967001 380006
112.86252667 28.10962937 380007
112.86250121 28.10957994 380008
112.86243743 28.11003259 390001
112.86251123 28.10998912 390002
112.86257110 28.10994950 390003
112.86259890 28.10993005 390004
112.86265143 28.10989985 390005
112.86268552 28.10987184 330001
112.86243743 28.11003259 390001
112.86246166 28.11001961 400002
112.86251878 28.10999995 400003
112.86256431 28.10999731 400004
112.86261632 28.11000111 400005
112.86267429 28.11001397 400006
112.86272287 28.11002071 320001
112.86245724 28.11018801 410001
112.86250466 28.11016711 410002
112.86259253 28.11012156 410003
112.86262533 28.11009806 410004
112.86268815 28.11004805 410005
112.86272287 28.11002071 320001
112.86287794 28.11040941 310001
112.86283208 28.11031294 420002
112.86281710 28.11026288 420003
112.86280424 28.11022799 420004
112.86279196 28.11019724 420005
112.86278025 28.11017063 420006
112.86275996 28.11012823 420007
112.86274845 28.11010299 420008
112.86273400 28.11005574 420009
112.86272287 28.11002071 320001
112.86245724 28.11018801 410001
112.86250153 28.11018383 430002
112.86254925 28.11019313 430003
112.86259846 28.11020819 430004
112.86263845 28.11022213 430005
112.86270186 28.11024370 430006
112.86275948 28.11027570 430007
112.86278958 28.11030445 430008
112.86282255 28.11033889 430009
112.86285371 28.11037754 430010
112.86287794 28.11040941 310001
112.86243743 28.11003259 390001
112.86245419 28.11000174 440002
112.86247859 28.10996073 440003
112.86249753 28.10992546 440004
112.86252011 28.10988662 440005
112.86253529 28.10984807 440006
112.86254428 28.10980027 440007
112.86254322 28.10976171 440008
112.86254086 28.10972347 440009
112.86253320 28.10967557 440010
112.86251433 28.10962187 440011
112.86250121 28.10957994 380008
112.86287794 28.11040941 310001
112.86289486 28.11043915 450002
112.86292225 28.11049675 450003
112.86295386 28.11056178 450004
112.86298324 28.11061123 450005
112.86301521 28.11067627 450006
112.86303507 28.11070359 450007
112.86303507 28.11070359 450007
112.86306868 28.11068779 460002
112.86311551 28.11066220 460003
112.86317533 28.11062550 460004
112.86321167 28.11060386 460005
112.86326732 28.11057673 460006
112.86331140 28.11055187 460007
112.86338109 28.11050509 460008
112.86348678 28.11043054 460009
112.86355325 28.11038352 460010
112.86360817 28.11034467 460011
112.86366725 28.11030449 460012
112.86372540 28.11026339 460013
112.86379670 28.11020927 460014
112.86385441 28.11017418 460015
112.86391021 28.11013798 460016
112.86396993 28.11009490 460017
112.86403141 28.11006006 460018
112.86406396 28.11003649 460019
112.86411299 28.11000657 460020
112.86418215 28.10995805 460021
112.86422749 28.10992451 460022
112.86426851 28.10989666 460023
112.86433007 28.10985548 460024
112.86436948 28.10982771 460025
112.86439876 28.10980859 460026
112.86443985 28.10978344 460027
112.86449447 28.10974460 460028
112.86455621 28.10970620 460029
112.86461591 28.10966523 460030
112.86467956 28.10962893 460031
112.86474759 28.10958528 460032
112.86481702 28.10954021 460033
112.86490637 28.10948275 460034
112.86496968 28.10944372 460035
112.86502827 28.10940931 460036
112.86509596 28.10937024 460037
112.86514916 28.10933067 460038
112.86519797 28.10929988 460039
112.86526189 28.10925992 460040
112.86532362 28.10921464 460041
112.86537821 28.10918238 460042
112.86542817 28.10915321 460043
112.86547782 28.10912135 460044
112.86553162 28.10908382 460045
112.86557290 28.10905183 460046
112.86562509 28.10902258 460047
112.86570863 28.10897410 460048
112.86575224 28.10893933 460049
112.86579939 28.10891013 460050
112.86585855 28.10886863 460051
112.86592526 28.10882400 460052
112.86599661 28.10878225 460053
112.86605869 28.10874994 460054
112.86612661 28.10871310 460055
112.86616953 28.10868779 460056
112.86622889 28.10865023 460057
112.86628681 28.10861714 460058
112.86628681 28.10861714 460058
112.86630469 28.10865699 470002
112.86634361 28.10871224 470003
112.86637332 28.10875313 470004
112.86642032 28.10881982 470005
112.86646199 28.10887628 470006
112.86650983 28.10894549 470007
112.86657186 28.10904181 470008
112.86661698 28.10909892 470009
112.86668246 28.10919527 470010
112.86672379 28.10926176 470011
112.86676094 28.10932111 470012
112.86682752 28.10940719 470013
112.86687119 28.10947251 470014
112.86692628 28.10955500 470015
112.86697022 28.10961685 470016
112.86701974 28.10968231 470017
112.86707226 28.10975860 470018
112.86711017 28.10981385 470019
112.86715591 28.10988396 470020
112.86719151 28.10993896 470021
112.86719151 28.10993896 470021
112.86715672 28.10995670 480002
112.86709817 28.10998996 480003
112.86702290 28.11002819 480004
112.86696233 28.11006186 480005
112.86687983 28.11010295 480006
112.86681868 28.11013893 480007
112.86675226 28.11017374 480008
112.86670272 28.11020100 480009
112.86663565 28.11023130 480010
112.86657110 28.11026473 480011
112.86651681 28.11029233 480012
112.86645692 28.11032716 480013
112.86638283 28.11036279 480014
112.86629205 28.11040131 480015
112.86621276 28.11043483 480016
112.86611657 28.11047737 480017
112.86604002 28.11051788 480018
112.86597202 28.11055327 480019
112.86589308 28.11058896 480020
112.86582212 28.11062121 480021
112.86573117 28.11066210 480022
112.86566410 28.11068617 480023
112.86560666 28.11071196 480024
112.86553606 28.11074484 480025
112.86547905 28.11077385 480026
112.86539410 28.11081286 480027
112.86532134 28.11084711 480028
112.86524223 28.11088574 480029
112.86516474 28.11091663 480030
112.86510322 28.11095046 480031
112.86503040 28.11099417 480032
112.86495064 28.11103488 480033
112.86486744 28.11108134 480034
112.86479200 28.11111999 480035
112.86472562 28.11115257 480036
112.86464384 28.11119239 480037
112.86455437 28.11123209 480038
112.86447959 28.11126641 480039
112.86439263 28.11131621 480040
112.86432590 28.11136347 480041
112.86425999 28.11141167 480042
112.86421677 28.11145190 480043
112.86418605 28.11149877 480044
112.86416529 28.11154201 480045
112.86415874 28.11159333 480046
112.86416102 28.11165230 480047
112.86418103 28.11171577 480048
112.86420895 28.11176970 480049
112.86425507 28.11183229 480050
112.86429205 28.11188775 480051
112.86432432 28.11192771 480052
112.86437110 28.11199711 480053
112.86442779 28.11206425 480054
112.86450354 28.11215233 480055
112.86456215 28.11222506 480056
112.86461680 28.11229096 480057
112.86466305 28.11233724 480058
112.86473750 28.11240251 480059
112.86481624 28.11244286 480060
112.86487052 28.11246085 480061
112.86495877 28.11243123 480062
112.86506408 28.11237779 480063
112.86518815 28.11231844 480064
112.86538875 28.11221787 480065
112.86554237 28.11214537 480066
112.86565579 28.11209122 480067
112.86574758 28.11203924 480068
112.86584582 28.11199867 480069
112.86601637 28.11191320 480070
112.86613907 28.11186106 480071
112.86626614 28.11179890 480072
112.86641456 28.11173221 480073
112.86657104 28.11166223 480074
112.86675865 28.11157714 480075
112.86688184 28.11151729 480076
112.86699894 28.11146472 480077
112.86711897 28.11140420 480078
112.86727217 28.11133259 480079
112.86742122 28.11125834 480080
112.86755328 28.11117920 480081
112.86763762 28.11113080 480082
112.86774598 28.11107933 480083
112.86783085 28.11103065 480084
112.86786552 28.11100311 480085
112.86851651 28.11217489 490001
112.86847080 28.11209298 490002
112.86843026 28.11202516 490003
112.86840059 28.11197075 490004
112.86836681 28.11191442 490005
112.86833562 28.11184794 490006
112.86829169 28.11176227 490007
112.86824582 28.11167323 490008
112.86820327 28.11160121 490009
112.86816253 28.11152516 490010
112.86812712 28.11145818 490011
112.86808935 28.11138641 490012
112.86805145 28.11132321 490013
112.86800811 28.11125033 490014
112.86796669 28.11116751 490015
112.86793274 28.11111320 490016
112.86788794 28.11104068 490017
112.86786552 28.11100311 480085
112.86909952 28.11334868 500001
112.86905606 28.11325993 500002
112.86900870 28.11316982 500003
112.86896121 28.11307155 500004
112.86891372 28.11297881 500005
112.86887153 28.11288626 500006
112.86881836 28.11277115 500007
112.86876249 28.11267026 500008
112.86871814 28.11258814 500009
112.86864802 28.11244636 500010
112.86858391 28.11232125 500011
112.86855203 28.11225598 500012
112.86851651 28.11217489 490001
112.86851651 28.11217489 490001
112.86847036 28.11218980 510002
112.86839994 28.11222331 510003
112.86832667 28.11225706 510004
112.86824802 28.11229309 510005
112.86816470 28.11232950 510006
112.86807866 28.11238020 510007
112.86798067 28.11242486 510008
112.86790046 28.11246102 510009
112.86782596 28.11249352 510010
112.86774819 28.11252850 510011
112.86765534 28.11257532 510012
112.86756127 28.11261665 510013
112.86750627 28.11264057 510014
112.86743014 28.11266855 510015
112.86732152 28.11271652 510016
112.86721544 28.11276667 510017
112.86712794 28.11280549 510018
112.86703881 28.11285199 510019
112.86693477 28.11290348 510020
112.86684826 28.11293860 510021
112.86672238 28.11298833 510022
112.86662286 28.11304116 510023
112.86651158 28.11309487 510024
112.86642424 28.11313462 510025
112.86634143 28.11318024 510026
112.86628012 28.11321496 510027
112.86621175 28.11324853 510028
112.86608262 28.11331156 510029
112.86600912 28.11335691 510030
112.86595686 28.11340179 510031
112.86593549 28.11343501 510032
112.86590845 28.11349013 510033
112.86591081 28.11352978 510034
112.86592888 28.11359280 510035
112.86596371 28.11364163 510036
112.86603476 28.11369903 510037
112.86609965 28.11376827 510038
112.86617134 28.11383575 510039
112.86621678 28.11388200 510040
112.86629191 28.11395228 510041
112.86632893 28.11399064 510042
112.86639927 28.11406433 510043
112.86646398 28.11413923 510044
112.86650662 28.11420336 510045
112.86656227 28.11426474 510046
112.86661284 28.11431519 510047
112.86669246 28.11430946 510048
112.86676267 28.11428254 510049
112.86685469 28.11425242 510050
112.86699113 28.11420189 510051
112.86709159 28.11417075 510052
112.86721087 28.11411866 510053
112.86731110 28.11407876 510054
112.86740873 28.11402916 510055
112.86749240 28.11398943 510056
112.86759252 28.11394760 510057
112.86770034 28.11390927 510058
112.86779968 28.11386544 510059
112.86787853 28.11383084 510060
112.86796788 28.11378996 510061
112.86809429 28.11374212 510062
112.86821847 28.11369707 510063
112.86835828 28.11364785 510064
112.86847856 28.11360318 510065
112.86858832 28.11355792 510066
112.86867405 28.11352469 510067
112.86878453 28.11347746 510068
112.86887802 28.11344774 510069
112.86895472 28.11341633 510070
112.86901362 28.11339156 510071
112.86909952 28.11334868 500001
112.86938344 28.11396174 520001
112.86934865 28.11389493 520002
112.86931908 28.11383011 520003
112.86929040 28.11376889 520004
112.86924733 28.11367278 520005
112.86920073 28.11357963 520006
112.86916702 28.11348980 520007
112.86914174 28.11344087 520008
112.86911048 28.11337950 520009
112.86909952 28.11334868 500001
112.86938344 28.11396174 520001
112.86933642 28.11397415 530002
112.86926574 28.11400054 530003
112.86919814 28.11402828 530004
112.86911244 28.11405767 530005
112.86905117 28.11408834 530006
112.86897281 28.11411745 530007
112.86891333 28.11413819 530008
112.86885022 28.11416945 530009
112.86876429 28.11420775 530010
112.86870385 28.11423199 530011
112.86864604 28.11425262 530012
112.86857215 28.11428880 530013
112.86848295 28.11432479 530014
112.86840335 28.11435663 530015
112.86834546 28.11439130 530016
112.86826317 28.11442922 530017
112.86817870 28.11445617 530018
112.86809788 28.11449284 530019
112.86801051 28.11452854 530020
112.86794698 28.11454710 530021
112.86787783 28.11457332 530022
112.86781028 28.11460019 530023
112.86774363 28.11462541 530024
112.86766550 28.11466061 530025
112.86757989 28.11470038 530026
112.86749172 28.11472799 530027
112.86743168 28.11475499 530028
112.86736034 28.11478422 530029
112.86729525 28.11481227 530030
112.86723304 28.11484027 530031
112.86715559 28.11487415 530032
112.86706809 28.11492116 530033
112.86700500 28.11494825 530034
112.86693553 28.11498038 530035
112.86685130 28.11502150 530036
112.86678339 28.11505076 530037
112.86673087 28.11506385 530038
112.86665578 28.11509617 530039
112.86660830 28.11511796 530040
112.86660830 28.11511796 530040
112.86653198 28.11501835 540002
112.86647484 28.11495246 540003
112.86642090 28.11488632 540004
112.86636707 28.11482033 540005
112.86631296 28.11475175 540006
112.86626282 28.11468848 540007
112.86619872 28.11461639 540008
112.86613042 28.11453666 540009
112.86605572 28.11445515 540010
112.86595053 28.11433345 540011
112.86588644 28.11425337 540012
112.86580597 28.11416469 540013
112.86571268 28.11406982 540014
112.86564132 28.11399710 540015
112.86555097 28.11391352 540016
112.86547321 28.11385310 540017
112.86538287 28.11378650 540018
112.86530909 28.11372885 540019
112.86519148 28.11362861 540020
112.86506204 28.11350882 540021
112.86498738 28.11343042 540022
112.86490788 28.11333697 540023
112.86480133 28.11323585 540024
112.86473423 28.11317502 540025
112.86463026 28.11305737 540026
112.86454308 28.11294490 540027
112.86448135 28.11285881 540028
112.86442685 28.11277996 540029
112.86433393 28.11264727 540030
112.86425107 28.11253746 540031
112.86417668 28.11244285 540032
112.86408831 28.11233429 540033
112.86402875 28.11225685 540034
112.86394740 28.11215318 540035
112.86386835 28.11204159 540036
112.86381097 28.11195395 540037
112.86373252 28.11182901 540038
112.86366337 28.11172387 540039
112.86360108 28.11162305 540040
112.86354306 28.11152707 540041
112.86349214 28.11145658 540042
112.86341321 28.11134670 540043
112.86335909 28.11125568 540044
112.86327151 28.11110796 540045
112.86322824 28.11104724 540046
112.86316098 28.11093386 540047
112.86311755 28.11085449 540048
112.86309156 28.11080736 540049
112.86303507 28.11070359 450007
112.86250121 28.10957994 380008
112.86248833 28.10954783 550002
112.86247164 28.10949889 550003
112.86244466 28.10944347 550004
112.86243319 28.10938372 550005
112.86241213 28.10932947 550006
112.86239925 28.10927993 550007
112.86238186 28.10922184 550008
112.86237159 28.10918580 550009
112.86235978 28.10915839 550010
112.86262159 28.10948241 360001
112.86260943 28.10945440 560002
112.86258862 28.10940062 560003
112.86256375 28.10934520 560004
112.86254045 28.10928443 560005
112.86252171 28.10923535 560006
112.86250090 28.10918790 560007
112.86248620 28.10914689 560008
112.86247638 28.10911536 560009
112.86235978 28.10915839 550010
112.86238131 28.10914809 570002
112.86241492 28.10913728 570003
112.86244851 28.10912533 570004
112.86247638 28.10911536 560009
112.86235978 28.10915839 550010
112.86234680 28.10911789 580002
112.86233548 28.10905221 580003
112.86231782 28.10899164 580004
112.86230766 28.10894187 580005
112.86229489 28.10889803 580006
112.86227972 28.10885096 580007
112.86226987 28.10879634 580008
112.86225619 28.10874522 580009
112.86224605 28.10870426 580010
112.86223948 28.10867117 580011
112.86223126 28.10862906 580012
112.86247638 28.10911536 560009
112.86244992 28.10907444 590002
112.86243317 28.10902923 590003
112.86241866 28.10899990 590004
112.86240180 28.10896387 590005
112.86237901 28.10891333 590006
112.86235755 28.10886296 590007
112.86233954 28.10882832 590008
112.86231437 28.10878036 590009
112.86229043 28.10873584 590010
112.86226880 28.10870026 590011
112.86225101 28.10866371 590012
112.86223126 28.10862906 580012
112.86223126 28.10862906 580012
112.86221503 28.10859408 600002
112.86219986 28.10853877 600003
112.86218894 28.10849131 600004
112.86217572 28.10845525 600005
112.86216122 28.10841181 600006
112.86214812 28.10837441 600007
112.86212643 28.10831028 600008
112.86211046 28.10826562 600009
112.86209175 28.10821072 600010
112.86206859 28.10814705 600011
112.86205237 28.10811002 600012
112.86203052 28.10805541 600013
112.86200074 28.10799628 600014
112.86197518 28.10792160 600015
112.86195552 28.10786033 600016
112.86193194 28.10778493 600017
112.86190427 28.10772684 600018
112.86187852 28.10766627 600019
112.86186155 28.10759800 600020
112.86184491 28.10755090 600021
112.86181997 28.10749376 600022
112.86178893 28.10740528 600023
112.86176732 28.10733250 600024
112.86174801 28.10728410 600025
112.86172847 28.10724180 600026
112.86171063 28.10719965 600027
112.86169365 28.10714134 600028
112.86169365 28.10714134 600028
112.86168358 28.10711164 610002
112.86166330 28.10705526 610003
112.86165071 28.10701091 610004
112.86163087 28.10694740 610005
112.86162321 28.10690484 610006
112.86162375 28.10686408 610007
112.86162587 28.10682499 610008
112.86164577 28.10679113 610009
112.86168547 28.10675116 610010
112.86171618 28.10672255 610011
112.86174821 28.10669562 610012
112.86169365 28.10714134 600028
112.86174090 28.10711842 620002
112.86183716 28.10710526 620003
112.86190728 28.10709049 620004
112.86198832 28.10707169 620005
112.86205652 28.10705214 620006
112.86212655 28.10702639 620007
112.86221203 28.10700000 620008
112.86195184 28.10676534 630001
112.86200012 28.10681508 630002
112.86205044 28.10686520 630003
112.86209289 28.10691180 630004
112.86213738 28.10695878 630005
112.86217639 28.10699323 630006
112.86221203 28.10700000 620008
112.86174821 28.10669562 610012
112.86179058 28.10669702 640002
112.86182702 28.10670368 640003
112.86186327 28.10671452 640004
112.86191701 28.10673922 640005
112.86195184 28.10676534 630001
112.86195184 28.10676534 630001
112.86194282 28.10671232 650002
112.86193748 28.10664946 650003
112.86193506 28.10661426 650004
112.86193808 28.10657877 650005
112.86174821 28.10669562 610012
112.86176849 28.10667537 660002
112.86181640 28.10664255 660003
112.86184740 28.10662454 660004
112.86189932 28.10659777 660005
112.86193808 28.10657877 650005
112.86193808 28.10657877 650005
112.86193657 28.10654672 670002
112.86194005 28.10648232 670003
112.86193583 28.10644120 670004
112.86192041 28.10641260 670005
112.86193808 28.10657877 650005
112.86197356 28.10655833 680002
112.86200893 28.10653661 680003
112.86203780 28.10651741 680004
112.86207305 28.10649041 680005
112.86209852 28.10647259 680006
112.86213041 28.10644960 680007
112.86215121 28.10643420 680008
112.86192041 28.10641260 670005
112.86197145 28.10642104 690002
112.86201941 28.10643218 690003
112.86204684 28.10643764 690004
112.86210882 28.10643989 690005
112.86215121 28.10643420 680008
112.86192041 28.10641260 670005
112.86185410 28.10633989 700002
112.86181844 28.10630864 700003
112.86176193 28.10627083 700004
112.86170192 28.10623068 700005
112.86162505 28.10616766 700006
112.86158144 28.10612061 700007
112.86154874 28.10606420 700008
112.86152219 28.10600902 700009
112.86150205 28.10593885 700010
112.86149675 28.10590564 700011
112.86149420 28.10585518 700012
112.86148521 28.10579183 700013
112.86147306 28.10573237 700014
112.86146167 28.10569254 700015
112.86144281 28.10563628 700016
112.86142111 28.10557649 700017
112.86140407 28.10552966 700018
112.86138593 28.10546610 700019
112.86137959 28.10541830 700020
112.86137865 28.10537999 700021
112.86139011 28.10530229 700022
112.86138582 28.10524710 700023
112.86138587 28.10519232 700024
112.86139117 28.10511376 700025
112.86140925 28.10504112 700026
112.86143237 28.10499669 700027
112.86147588 28.10494596 700028
112.86151753 28.10491151 700029
112.86155832 28.10487905 700030
112.86162721 28.10484802 700031
112.86169314 28.10485212 700032
112.86177366 28.10486914 700033
112.86183035 28.10489957 700034
112.86187932 28.10494452 700035
112.86191631 28.10497358 700036
112.86196846 28.10500702 700037
112.86207221 28.10505274 700038
112.86216768 28.10509174 700039
112.86227143 28.10512114 700040
112.86235215 28.10513626 700041
112.86242115 28.10514943 700042
112.86252380 28.10519947 700043
112.86259237 28.10523404 700044
112.86264878 28.10526161 700045
112.86271096 28.10530075 700046
112.86278043 28.10534482 700047
112.86282635 28.10536716 700048
112.86289415 28.10540019 700049
112.86294748 28.10543610 700050
112.86301620 28.10547651 700051
112.86309189 28.10551282 700052
112.86317431 28.10555753 700053
112.86322949 28.10558682 700054
112.86326566 28.10560256 700055
112.86215121 28.10643420 680008
112.86218943 28.10640743 710002
112.86224560 28.10637021 710003
112.86230279 28.10633327 710004
112.86236956 28.10629255 710005
112.86242105 28.10626264 710006
112.86248556 28.10622197 710007
112.86254155 28.10618281 710008
112.86260529 28.10613882 710009
112.86264906 28.10611112 710010
112.86272803 28.10606129 710011
112.86279239 28.10601405 710012
112.86284363 28.10596931 710013
112.86291969 28.10590743 710014
112.86298012 28.10584743 710015
112.86304230 28.10578863 710016
112.86311688 28.10572958 710017
112.86316852 28.10568340 710018
112.86323679 28.10561830 710019
112.86326566 28.10560256 700055
112.86326566 28.10560256 700055
112.86330127 28.10558050 720002
112.86336571 28.10553026 720003
112.86342754 28.10548155 720004
112.86346378 28.10545300 720005
112.86350702 28.10542031 720006
112.86355542 28.10538177 720007
112.86358623 28.10535242 720008
112.86363681 28.10531667 720009
112.86369885 28.10527431 720010
112.86377660 28.10523570 720011
112.86383412 28.10520937 720012
112.86388598 28.10519865 720013
112.86394224 28.10520812 720014
112.86397589 28.10523234 720015
112.86401406 28.10526972 720016
112.86407407 28.10534555 720017
112.86411800 28.10539996 720018
112.86414978 28.10544653 720019
112.86417713 28.10548594 720020
112.86420880 28.10553845 720021
112.86424261 28.10558261 720022
112.86428389 28.10564440 720023
112.86433627 28.10571837 720024
112.86436716 28.10576289 720025
112.86439436 28.10581163 720026
112.86443095 28.10586945 720027
112.86446339 28.10591272 720028
112.86449752 28.10595611 720029
112.86453341 28.10599817 720030
112.86457062 28.10604758 720031
112.86460448 28.10609833 720032
112.86463338 28.10614738 720033
112.86464838 28.10617700 720034
112.86468075 28.10622334 720035
112.86471013 28.10626378 720036
112.86473945 28.10630568 720037
112.86477819 28.10635820 720038
112.86480898 28.10640457 720039
112.86483670 28.10644647 720040
112.86486603 28.10649298 720041
112.86489361 28.10652789 720042
112.86492944 28.10657950 720043
112.86495788 28.10662768 720044
112.86499005 28.10668127 720045
112.86502989 28.10674051 720046
112.86506301 28.10678099 720047
112.86509587 28.10683016 720048
112.86513412 28.10689351 720049
112.86516895 28.10695012 720050
112.86520795 28.10700544 720051
112.86524122 28.10706077 720052
112.86526721 28.10710378 720053
112.86529164 28.10713811 720054
112.86532148 28.10718306 720055
112.86535316 28.10723343 720056
112.86536792 28.10726216 720057
112.86397216 28.10813801 730001
112.86403525 28.10809395 730002
112.86410461 28.10805428 730003
112.86417483 28.10800530 730004
112.86425480 28.10795363 730005
112.86435552 28.10788188 730006
112.86447108 28.10780730 730007
112.86461146 28.10771891 730008
112.86470317 28.10766899 730009
112.86478868 28.10761274 730010
112.86486338 28.10757133 730011
112.86498662 28.10749863 730012
112.86507247 28.10744306 730013
112.86513978 28.10739812 730014
112.86522051 28.10734425 730015
112.86527992 28.10731184 730016
112.86536792 28.10726216 720057
112.86397216 28.10813801 730001
112.86393435 28.10810797 740002
112.86388656 28.10804077 740003
112.86385560 28.10798209 740004
112.86381778 28.10791170 740005
112.86221203 28.10700000 620008
112.86225346 28.10698217 750002
112.86231748 28.10697044 750003
112.86237583 28.10696329 750004
112.86243931 28.10696100 750005
112.86249783 28.10696906 750006
112.86257657 28.10699074 750007
112.86261488 28.10700991 750008
112.86268940 28.10707224 750009
112.86272859 28.10711221 750010
112.86274677 28.10716668 750011
112.86273379 28.10721677 750012
112.86272171 28.10726339 750013
112.86269228 28.10731045 750014
112.86265800 28.10736806 750015
112.86263297 28.10743146 750016
112.86260395 28.10750187 750017
112.86258057 28.10757548 750018
112.86256888 28.10764581 750019
112.86257662 28.10773339 750020
112.86259371 28.10780178 750021
112.86262127 28.10785487 750022
112.86266521 28.10790327 750023
112.86271535 28.10793557 750024
112.86278763 28.10795668 750025
112.86284879 28.10796998 750026
112.86292372 28.10797061 750027
112.86301680 28.10795758 750028
112.86312847 28.10793678 750029
112.86319737 28.10793270 750030
112.86328210 28.10793402 750031
112.86337970 28.10794611 750032
112.86344376 28.10794045 750033
112.86351709 28.10793289 750034
112.86362303 28.10790932 750035
112.86368994 28.10789465 750036
112.86376798 28.10788784 750037
112.86381778 28.10791170 740005
112.86381778 28.10791170 740005
112.86380985 28.10782920 760002
112.86383539 28.10775453 760003
112.86386450 28.10769513 760004
112.86388678 28.10762696 760005
112.86390866 28.10753524 760006
112.86393078 28.10746128 760007
112.86395914 28.10736669 760008
112.86398116 28.10729292 760009
112.86400340 28.10723393 760010
112.86401957 28.10719860 760011
112.86401957 28.10719860 760011
112.86403577 28.10716325 770002
112.86407146 28.10709243 770003
112.86410732 28.10703328 770004
112.86415164 28.10694731 770005
112.86415715 28.10686797 770006
112.86414588 28.10678870 770007
112.86412776 28.10670069 770008
112.86408588 28.10658363 770009
112.86406815 28.10650460 770010
112.86405754 28.10644315 770011
112.86405750 28.10634639 770012
112.86405747 28.10625212 770013
112.86403711 28.10617547 770014
112.86399975 28.10610478 770015
112.86396572 28.10604580 770016
112.86390793 28.10597815 770017
112.86385711 28.10594609 770018
112.86378600 28.10591135 770019
112.86368434 28.10585317 770020
112.86361309 28.10580644 770021
112.86351465 28.10574203 770022
112.86342623 28.10568026 770023
112.86335839 28.10564829 770024
112.86326566 28.10560256 700055
112.86283081 28.10665802 780001
112.86290298 28.10668000 780002
112.86297552 28.10672014 780003
112.86305203 28.10676233 780004
112.86311719 28.10679300 780005
112.86318018 28.10682539 780006
112.86323516 28.10685556 780007
112.86331849 28.10689405 780008
112.86338406 28.10692786 780009
112.86349184 28.10698689 780010
112.86356861 28.10702185 780011
112.86364994 28.10705727 780012
112.86372335 28.10709231 780013
112.86378475 28.10712289 780014
112.86386100 28.10716044 780015
112.86392973 28.10718628 780016
112.86397553 28.10719282 780017
112.86401957 28.10719860 760011
112.86401957 28.10719860 760011
112.86405205 28.10719466 790002
112.86413557 28.10718755 790003
112.86420875 28.10717588 790004
112.86428695 28.10714755 790005
112.86433890 28.10712851 790006
112.86439093 28.10710569 790007
112.86444740 28.10707372 790008
112.86448227 28.10704594 790009
112.86451997 28.10701111 790010
112.86454081 28.10696773 790011
112.86454842 28.10692908 790012
112.86455018 28.10686597 790013
112.86455662 28.10679053 790014
112.86455852 28.10672252 790015
112.86456015 28.10666396 790016
112.86456116 28.10662749 790017
112.86456288 28.10656570 790018
112.86456359 28.10654034 790019
112.86247638 28.10911536 560009
112.86250984 28.10910217 800002
112.86257974 28.10907119 800003
112.86262780 28.10904454 800004
112.86267338 28.10901647 800005
112.86272497 28.10898271 800006
112.86277971 28.10894545 800007
112.86284070 28.10890121 800008
112.86289189 28.10886220 800009
112.86293702 28.10882899 800010
112.86300085 28.10878490 800011
112.86304160 28.10875615 800012
112.86311693 28.10870291 800013
112.86319457 28.10865421 800014
112.86324651 28.10862051 800015
112.86330447 28.10858118 800016
112.86335373 28.10854968 800017
112.86340577 28.10851826 800018
112.86346303 28.10848218 800019
112.86352182 28.10844152 800020
112.86357195 28.10840525 800021
112.86362998 28.10836964 800022
112.86368799 28.10833177 800023
112.86375341 28.10829195 800024
112.86380818 28.10825605 800025
112.86385893 28.10821986 800026
112.86390128 28.10818669 800027
112.86394963 28.10815422 800028
112.86397216 28.10813801 730001
112.86245724 28.11018801 410001
112.86242649 28.11020223 810002
112.86236312 28.11024130 810003
112.86232787 28.11026616 810004
112.86228142 28.11029816 810005
112.86223364 28.11032876 810006
112.86218552 28.11036085 810007
112.86214282 28.11038948 810008
112.86206709 28.11043680 810009
112.86201379 28.11047722 810010
112.86196080 28.11051496 810011
112.86191938 28.11054279 810012
112.86185183 28.11059786 810013
112.86178973 28.11064185 810014
112.86173560 28.11067814 810015
112.86167830 28.11071398 810016
112.86161805 28.11074793 810017
112.86155130 28.11079113 810018
112.86148919 28.11083638 810019
112.86141798 28.11088618 810020
112.86137202 28.11091334 810021
112.86132330 28.11093723 810022
112.86125348 28.11099488 810023
112.86118561 28.11103236 810024
112.86111059 28.11107241 810025
112.86105330 28.11110732 810026
112.86099183 28.11114875 810027
112.86093386 28.11119041 810028
112.86089156 28.11121804 810029
112.86084003 28.11125297 810030
112.86077292 28.11129562 810031
112.86070448 28.11133919 810032
112.86064365 28.11137778 810033
112.86057632 28.11143153 810034
112.86051515 28.11146377 810035
112.86045137 28.11150174 810036
112.86039134 28.11153873 810037
112.86033307 28.11157703 810038
112.86027271 28.11162039 810039
112.86021483 28.11166088 810040
112.86015370 28.11170338 810041
112.86008340 28.11175550 810042
112.86003609 28.11178526 810043
112.85998703 28.11181739 810044
112.85994224 28.11185711 810045
112.85987855 28.11189054 810046
112.85982464 28.11192481 810047
112.85977020 28.11196408 810048
112.85969851 28.11201320 810049
112.85965673 28.11204522 810050
112.85959602 28.11208716 810051
112.85953150 28.11213397 810052
112.85947819 28.11217108 810053
112.85942724 28.11220426 810054
112.85938755 28.11223611 810055
112.85935059 28.11226409 810056
112.85929966 28.11230362 810057
112.85924275 28.11234469 810058
112.85920529 28.11237056 810059
112.85913293 28.11241681 810060
112.85907120 28.11245916 810061
112.85902009 28.11249555 810062
112.85895406 28.11254436 810063
112.85888293 28.11259559 810064
112.85883810 28.11263082 810065
112.85875898 28.11268678 810066
112.85871614 28.11272035 810067
112.85865965 28.11276157 810068
112.85860697 28.11280739 810069
112.85854834 28.11285770 810070
112.85848369 28.11290256 810071
112.85843097 28.11294189 810072
112.85837868 28.11297765 810073
112.85831969 28.11302546 810074
112.85826921 28.11306889 810075
112.85822916 28.11310552 810076
112.85816582 28.11315374 810077
112.85811657 28.11319161 810078
112.85806353 28.11323430 810079
112.85802598 28.11326689 810080
112.85797050 28.11331580 810081
112.85792220 28.11335733 810082
112.85787055 28.11339974 810083
112.85782343 28.11344290 810084
112.85776127 28.11349606 810085
112.85770223 28.11354823 810086
112.85765702 28.11359022 810087
112.85760545 28.11363402 810088
112.85755218 28.11367890 810089
112.85750495 28.11373099 810090
112.85745395 28.11377700 810091
112.85740318 28.11382177 810092
112.85736505 28.11385596 810093
112.85731443 28.11390060 810094
112.85726641 28.11394821 810095
112.85722409 28.11398975 810096
112.85716661 28.11403991 810097
112.85710435 28.11409997 810098
112.85706374 28.11414003 810099
112.85701004 28.11418511 810100
112.85696101 28.11422952 810101
112.85690434 28.11428237 810102
112.85682943 28.11435128 810103
112.85679310 28.11439221 810104
112.85675122 28.11442950 810105
112.85670467 28.11447536 810106
112.85667279 28.11452482 810107
112.85664001 28.11457026 810108
112.85659101 28.11463667 810109
112.85655089 28.11467872 810110
112.85649972 28.11473039 810111
112.85645755 28.11477526 810112
112.85640925 28.11482619 810113
112.85636170 28.11487195 810114
112.85632049 28.11490906 810115
112.85626720 28.11495155 810116
112.85621123 28.11499937 810117
112.85616788 28.11503793 810118
112.85612973 28.11508523 810119
112.85609273 28.11511599 810120
112.85603611 28.11516795 810121
112.85599192 28.11521198 810122
112.85593668 28.11526432 810123
112.85588363 28.11531287 810124
112.85583298 28.11537444 810125
112.85579401 28.11541539 810126
112.85574544 28.11546629 810127
112.85568684 28.11552000 810128
112.85566083 28.11554310 810129
112.85558215 28.11562746 810130
112.85555463 28.11565668 810131
112.85551317 28.11569902 810132
112.85547891 28.11573325 810133
112.85543558 28.11577681 810134
112.85538502 28.11583096 810135
112.85532970 28.11588764 810136
112.85529206 28.11592975 810137
112.85524663 28.11597491 810138
112.85521257 28.11600767 810139
112.85518827 28.11602937 810140
112.85515986 28.11606042 810141
112.85512438 28.11610165 810142
112.85508379 28.11614108 810143
112.85504861 28.11618083 810144
112.85499909 28.11622995 810145
112.85495285 28.11627690 810146
112.85491172 28.11632624 810147
112.85487535 28.11636716 810148
112.85481863 28.11642470 810149
112.85478905 28.11645641 810150
112.85475790 28.11648715 810151
112.85470654 28.11653903 810152
112.85466937 28.11657557 810153
112.85462432 28.11662116 810154
112.85459024 28.11666024 810155
112.85454481 28.11670589 810156
112.85450632 28.11674950 810157
112.85447531 28.11678491 810158
112.85444972 28.11681227 810159
112.85441479 28.11684572 810160
112.85436882 28.11689645 810161
112.85432229 28.11694171 810162
112.85428008 28.11698337 810163
112.85424216 28.11702364 810164
112.85420691 28.11706567 810165
112.85417396 28.11709832 810166
112.85414109 28.11713563 810167
112.85410862 28.11716903 810168
112.85408086 28.11720211 810169
112.85403629 28.11724120 810170
112.85400281 28.11727601 810171
112.85396249 28.11731807 810172
112.85392455 28.11736118 810173
112.85389247 28.11739260 810174
112.85385423 28.11742832 810175
112.85381883 28.11747238 810176
112.85376780 28.11751312 810177
112.85373336 28.11755324 810178
112.85368955 28.11759870 810179
112.85363947 28.11764745 810180
112.85360649 28.11768660 810181
112.85358419 28.11771487 810182
112.85355507 28.11774563 810183
112.85352528 28.11777580 810184
112.85348564 28.11781751 810185
112.85344495 28.11786160 810186
112.85341173 28.11790050 810187
112.85336799 28.11795336 810188
112.85333723 28.11798825 810189
112.85330167 28.11802993 810190
112.85327341 28.11805628 810191
112.85323137 28.11809484 810192
112.85320855 28.11813336 810193
112.85315453 28.11818113 810194
112.85311840 28.11822502 810195
112.85309776 28.11825460 810196
112.85306103 28.11829924 810197
112.85302660 28.11833623 810198
112.85298667 28.11837792 810199
112.85294750 28.11842028 810200
112.85291372 28.11846093 810201
112.85288032 28.11849985 810202
112.85284941 28.11852725 810203
112.85281420 28.11857733 810204
112.85277026 28.11862379 810205
112.85274629 28.11866130 810206
112.85271258 28.11869809 810207
112.85266832 28.11874816 810208
112.85263027 28.11879357 810209
112.85258124 28.11885465 810210
112.85253348 28.11891200 810211
112.85249201 28.11896892 810212
112.85244639 28.11902207 810213
112.85240425 28.11907443 810214
112.85237436 28.11911608 810215
112.85232496 28.11918209 810216
112.85228977 28.11922772 810217
112.85224812 28.11928990 810218
112.85220640 28.11934381 810219
112.85216357 28.11939236 810220
112.85213015 28.11943885 810221
112.85209698 28.11949249 810222
112.85206086 28.11953996 810223
112.85202195 28.11959712 810224
112.85199070 28.11963694 810225
112.85195621 28.11968305 810226
112.85192466 28.11973308 810227
112.85188465 28.11978774 810228
112.85185225 28.11983668 810229
112.85181226 28.11989653 810230
112.85177393 28.11994615 810231
112.85172308 28.12001488 810232
112.85168727 28.12007617 810233
112.85163635 28.12015201 810234
112.85159199 28.12021975 810235
112.85154859 28.12028439 810236
112.85150331 28.12036057 810237
112.85145504 28.12043349 810238
112.85142554 28.12048120 810239
112.85139313 28.12053413 810240
112.85136301 28.12058340 810241
112.85132053 28.12064826 810242
112.85129133 28.12069677 810243
112.85125581 28.12074957 810244
112.85123470 28.12078313 810245
112.85120128 28.12084915 810246
112.85117868 28.12088088 810247
112.85114749 28.12093760 810248
112.85111102 28.12099551 810249
112.85107825 28.12104896 810250
112.85105212 28.12109639 810251
112.85101627 28.12115595 810252
112.85099006 28.12119925 810253
112.85096050 28.12125392 810254
112.85094098 28.12128684 810255
112.85090891 28.12134397 810256
112.85088110 28.12138983 810257
112.85086514 28.12142763 810258
112.85083720 28.12147668 810259
112.85081135 28.12153066 810260
112.85078543 28.12157633 810261
112.85075724 28.12161851 810262
112.85073338 28.12166712 810263
112.85070306 28.12172520 810264
112.85068963 28.12175035 810265
112.85066565 28.12179486 810266
112.85063871 28.12184532 810267
112.85061018 28.12189512 810268
112.85058835 28.12193864 810269
112.85056733 28.12199097 810270
112.85054293 28.12204225 810271
112.85052247 28.12208503 810272
112.85049615 28.12213588 810273
112.85048342 28.12216911 810274
112.85045704 28.12221284 810275
112.85042945 28.12227865 810276
112.85040417 28.12233033 810277
112.85037801 28.12239110 810278
112.85035675 28.12244001 810279
112.85033711 28.12248147 810280
112.85030608 28.12253655 810281
112.85028243 28.12258618 810282
112.85026564 28.12263321 810283
112.85023526 28.12269819 810284
112.85021278 28.12274619 810285
112.85018557 28.12279668 810286
112.85015874 28.12285516 810287
112.85013261 28.12291006 810288
112.85010540 28.12298408 810289
112.85007940 28.12304749 810290
112.85004797 28.12312039 810291
112.85002692 28.12317790 810292
112.85000641 28.12323161 810293
112.84998723 28.12328058 810294
112.84997071 28.12333009 810295
112.84994636 28.12338762 810296
112.84992530 28.12345312 810297
112.84991330 28.12348614 810298
112.84989506 28.12352638 810299
112.84988281 28.12357038 810300
112.84986200 28.12361986 810301
112.84984659 28.12367045 810302
112.84982882 28.12371435 810303
112.84981430 28.12375158 810304
112.84979083 28.12381614 810305
112.84977508 28.12385789 810306
112.84975624 28.12391101 810307
112.84973481 28.12395857 810308
112.84970376 28.12404132 810309
112.84968689 28.12409784 810310
112.84966422 28.12414627 810311
112.84964308 28.12420062 810312
112.84961783 28.12426078 810313
112.84959935 28.12432859 810314
112.84958075 28.12438798 810315
112.84955707 28.12445855 810316
112.84953306 28.12452033 810317
112.84951068 28.12457626 810318
112.84949735 28.12461954 810319
112.84948085 28.12466934 810320
112.84945734 28.12472961 810321
112.84943162 28.12479290 810322
112.84940997 28.12486653 810323
112.84939431 28.12491843 810324
112.84937432 28.12498605 810325
112.84934597 28.12506659 810326
112.84932661 28.12513468 810327
112.84930625 28.12519552 810328
112.84929115 28.12525544 810329
112.84927679 28.12530812 810330
112.84925369 28.12539331 810331
112.84922266 28.12547758 810332
112.84920256 28.12553910 810333
112.84918899 28.12559061 810334
112.84916583 28.12564666 810335
112.84914274 28.12571556 810336
112.84898848 28.12569677 820001
112.84899350 28.12574162 820002
112.84903085 28.12576491 820003
112.84906648 28.12577235 820004
112.84909008 28.12577312 820005
112.84912863 28.12575561 820006
112.84914274 28.12571556 810336
112.84898848 28.12569677 820001
112.84899260 28.12566327 830002
112.84901573 28.12557312 830003
112.84904362 28.12550208 830004
112.84905891 28.12544013 830005
112.84908121 28.12538333 830006
112.84910599 28.12531530 830007
112.84912381 28.12525616 830008
112.84915266 28.12517979 830009
112.84917284 28.12511480 830010
112.84919331 28.12505245 830011
112.84922066 28.12499247 830012
112.84923352 28.12494708 830013
112.84926054 28.12487301 830014
112.84927954 28.12480262 830015
112.84930020 28.12473494 830016
112.84932393 28.12466423 830017
112.84934204 28.12460491 830018
112.84935993 28.12454277 830019
112.84938442 28.12448017 830020
112.84940869 28.12441477 830021
112.84942969 28.12434951 830022
112.84945966 28.12427252 830023
112.84948931 28.12419848 830024
112.84951869 28.12411870 830025
112.84953035 28.12406212 830026
112.84956043 28.12398768 830027
112.84959288 28.12390181 830028
112.84962513 28.12381302 830029
112.84965992 28.12370985 830030
112.84969044 28.12363220 830031
112.84972617 28.12353788 830032
112.84975812 28.12344947 830033
112.84978342 28.12337174 830034
112.84981587 28.12329242 830035
112.84984657 28.12321771 830036
112.84987675 28.12314034 830037
112.84991267 28.12305137 830038
112.84995221 28.12296492 830039
112.84999152 28.12287565 830040
112.85002416 28.12278671 830041
112.85006949 28.12268855 830042
112.85011006 28.12261314 830043
112.85015326 28.12252912 830044
112.85019027 28.12245104 830045
112.85022420 28.12237592 830046
112.85025538 28.12230939 830047
112.85029713 28.12222257 830048
112.85033155 28.12216147 830049
112.85036713 28.12207469 830050
112.85040912 28.12198464 830051
112.85045165 28.12190015 830052
112.85049928 28.12180095 830053
112.85054257 28.12173036 830054
112.85057536 28.12165142 830055
112.85060334 28.12159270 830056
112.85065052 28.12151623 830057
112.85068324 28.12146342 830058
112.85072172 28.12139891 830059
112.85075043 28.12134030 830060
112.85079921 28.12126556 830061
112.85082528 28.12121692 830062
112.85085777 28.12114750 830063
112.85089068 28.12109334 830064
112.85093160 28.12102931 830065
112.85095269 28.12097866 830066
112.85098679 28.12091647 830067
112.85101870 28.12085557 830068
112.85105971 28.12078038 830069
112.85108832 28.12073246 830070
112.85112344 28.12066552 830071
112.85116392 28.12060555 830072
112.85120020 28.12052450 830073
112.85124446 28.12045712 830074
112.85128482 28.12039525 830075
112.85133856 28.12030796 830076
112.85138669 28.12022722 830077
112.85144718 28.12013695 830078
112.85148593 28.12007706 830079
112.85152875 28.12001876 830080
112.85157453 28.11995484 830081
112.85162377 28.11988826 830082
112.85165662 28.11982996 830083
112.85169924 28.11976658 830084
112.85175858 28.11969280 830085
112.85182125 28.11961049 830086
112.85186970 28.11954050 830087
112.85189325 28.11949974 830088
112.85196683 28.11939656 830089
112.85202527 28.11933030 830090
112.85209172 28.11924892 830091
112.85214895 28.11917427 830092
112.85221854 28.11909277 830093
112.85227654 28.11899802 830094
112.85234001 28.11892016 830095
112.85236876 28.11888584 830096
112.85243930 28.11878147 830097
112.85249079 28.11872367 830098
112.85253950 28.11865867 830099
112.85259637 28.11859966 830100
112.85263554 28.11855423 830101
112.85269303 28.11848747 830102
112.85274424 28.11842171 830103
112.85281799 28.11834941 830104
112.85291081 28.11824851 830105
112.85297171 28.11816485 830106
112.85303686 28.11808371 830107
112.85309198 28.11801473 830108
112.85313745 28.11796337 830109
112.85318024 28.11791780 830110
112.85323906 28.11785606 830111
112.85329945 28.11778998 830112
112.85337909 28.11771188 830113
112.85344323 28.11764396 830114
112.85350715 28.11757627 830115
112.85355776 28.11750472 830116
112.85363939 28.11742124 830117
112.85371771 28.11734679 830118
112.85379518 28.11726702 830119
112.85388416 28.11717803 830120
112.85396943 28.11708957 830121
112.85404156 28.11701590 830122
112.85412561 28.11693537 830123
112.85417012 28.11688919 830124
112.85424097 28.11680116 830125
112.85434135 28.11669081 830126
112.85440837 28.11661713 830127
112.85448230 28.11655074 830128
112.85456478 28.11646947 830129
112.85463960 28.11640284 830130
112.85471368 28.11633068 830131
112.85476118 28.11628354 830132
112.85481700 28.11622226 830133
112.85486033 28.11617253 830134
112.85491168 28.11611301 830135
112.85496337 28.11605389 830136
112.85501694 28.11599597 830137
112.85506809 28.11594532 830138
112.85510108 28.11590100 830139
112.85517574 28.11582717 830140
112.85524613 28.11575178 830141
112.85532699 28.11567485 830142
112.85540154 28.11560671 830143
112.85546583 28.11553377 830144
112.85552222 28.11547309 830145
112.85558792 28.11540845 830146
112.85565982 28.11534018 830147
112.85575548 28.11524085 830148
112.85585625 28.11513258 830149
112.85591808 28.11505437 830150
112.85597810 28.11498797 830151
112.85603536 28.11492500 830152
112.85609647 28.11486750 830153
112.85616366 28.11479610 830154
112.85624145 28.11472240 830155
112.85629927 28.11467083 830156
112.85637555 28.11460087 830157
112.85644060 28.11453735 830158
112.85650146 28.11448163 830159
112.85656227 28.11442577 830160
112.85662139 28.11437074 830161
112.85667910 28.11431973 830162
112.85672239 28.11426543 830163
112.85679796 28.11418747 830164
112.85685565 28.11413341 830165
112.85691614 28.11407705 830166
112.85702358 28.11397220 830167
112.85709800 28.11390333 830168
112.85715634 28.11385460 830169
112.85722803 28.11379438 830170
112.85728885 28.11372966 830171
112.85735389 28.11366424 830172
112.85743231 28.11359273 830173
112.85749245 28.11353744 830174
112.85755747 28.11347601 830175
112.85764870 28.11340985 830176
112.85772820 28.11334588 830177
112.85780670 28.11327799 830178
112.85789977 28.11320299 830179
112.85796616 28.11314369 830180
112.85804533 28.11307428 830181
112.85811621 28.11301821 830182
112.85819562 28.11294508 830183
112.85828956 28.11287522 830184
112.85837508 28.11281833 830185
112.85846818 28.11275341 830186
112.85853968 28.11270449 830187
112.85861207 28.11264406 830188
112.85867731 28.11258655 830189
112.85874956 28.11253040 830190
112.85881792 28.11248274 830191
112.85895605 28.11238496 830192
112.85902435 28.11233103 830193
112.85910461 28.11226878 830194
112.85921462 28.11218251 830195
112.85929045 28.11212489 830196
112.85937893 28.11207003 830197
112.85945818 28.11201649 830198
112.85954650 28.11195353 830199
112.85961052 28.11190858 830200
112.85974929 28.11181043 830201
112.85983469 28.11175113 830202
112.85989829 28.11170310 830203
112.85996112 28.11165959 830204
112.86002789 28.11161525 830205
112.86009146 28.11157065 830206
112.86017939 28.11151640 830207
112.86027858 28.11145447 830208
112.86038973 28.11137425 830209
112.86053264 28.11128314 830210
112.86060468 28.11123338 830211
112.86070836 28.11116268 830212
112.86081440 28.11109477 830213
112.86094864 28.11100887 830214
112.86105981 28.11093116 830215
112.86115064 28.11087171 830216
112.86127151 28.11079546 830217
112.86138026 28.11072990 830218
112.86146815 28.11067049 830219
112.86157513 28.11059617 830220
112.86167855 28.11052985 830221
112.86176464 28.11047409 830222
112.86186127 28.11040376 830223
112.86196005 28.11033376 830224
112.86205488 28.11026815 830225
112.86217423 28.11019789 830226
112.86227343 28.11013332 830227
112.86234062 28.11009477 830228
112.86243743 28.11003259 390001
