112.87208011 28.10676154 10001
112.87201020 28.10677242 10002
112.87194127 28.10678298 10003
112.87187779 28.10679262 10004
112.87178178 28.10681197 10005
112.87171751 28.10682426 10006
112.87164327 28.10683729 10007
112.87154145 28.10685617 10008
112.87146676 28.10686920 10009
112.87140723 28.10687571 10010
112.87200750 28.10646634 20001
112.87196857 28.10647589 20002
112.87190847 28.10648821 20003
112.87183554 28.10649751 20004
112.87177776 28.10650397 20005
112.87170545 28.10650217 20006
112.87166039 28.10648105 20007
112.87162385 28.10646615 20008
112.87157166 28.10645348 20009
112.87149865 28.10645318 20010
112.87144036 28.10646289 20011
112.87138191 28.10647317 20012
112.87133849 28.10648136 20013
112.87130923 28.10648707 20014
112.87140723 28.10687571 10010
112.87139605 28.10683761 30002
112.87138431 28.10680162 30003
112.87137420 28.10676222 30004
112.87136777 28.10672035 30005
112.87135766 28.10667355 30006
112.87135766 28.10667355 30006
112.87134576 28.10663318 40002
112.87133459 28.10658400 40003
112.87131720 28.10652294 40004
112.87130923 28.10648707 20014
112.87013490 28.10691782 50001
112.87014101 28.10694534 50002
112.87016979 28.10699051 50003
112.87020513 28.10701274 50004
112.87026849 28.10702308 50005
112.87033270 28.10703356 50006
112.87040310 28.10704155 50007
112.87046426 28.10705217 50008
112.87053876 28.10705190 50009
112.87059024 28.10704094 50010
112.87064937 28.10702875 50011
112.87070895 28.10701807 50012
112.87077333 28.10700652 50013
112.87084885 28.10698899 50014
112.87091040 28.10697558 50015
112.87097221 28.10696033 50016
112.87104121 28.10694811 50017
112.87109906 28.10693808 50018
112.87116255 28.10692304 50019
112.87122092 28.10691091 50020
112.87127727 28.10690048 50021
112.87135423 28.10688777 50022
112.87140723 28.10687571 10010
112.87013490 28.10691782 50001
112.87018148 28.10691209 60002
112.87024574 28.10690157 60003
112.87031495 28.10689023 60004
112.87039498 28.10687600 60005
112.87045378 28.10686637 60006
112.87051741 28.10685477 60007
112.87058192 28.10683948 60008
112.87065387 28.10682408 60009
112.87072201 28.10680819 60010
112.87078573 28.10679529 60011
112.87086470 28.10677718 60012
112.87095217 28.10675872 60013
112.87103273 28.10674370 60014
112.87109071 28.10673384 60015
112.87116414 28.10671939 60016
112.87122675 28.10670229 60017
112.87126898 28.10669414 60018
112.87132706 28.10668335 60019
112.87135766 28.10667355 30006
112.87013490 28.10691782 50001
112.87012504 28.10688736 70002
112.87010882 28.10684288 70003
112.87009948 28.10680448 70004
112.87009049 28.10676833 70005
112.87008464 28.10673826 70006
112.87008464 28.10673826 70006
112.87012992 28.10672810 80002
112.87019670 28.10671437 80003
112.87025913 28.10669685 80004
112.87031747 28.10668669 80005
112.87038100 28.10667698 80006
112.87043927 28.10666162 80007
112.87050750 28.10665053 80008
112.87058232 28.10663440 80009
112.87063794 28.10661987 80010
112.87070910 28.10660799 80011
112.87078379 28.10659512 80012
112.87083405 28.10658411 80013
112.87090261 28.10657260 80014
112.87094946 28.10656119 80015
112.87101140 28.10655095 80016
112.87107468 28.10653796 80017
112.87112138 28.10652906 80018
112.87118478 28.10651607 80019
112.87124495 28.10650440 80020
112.87130923 28.10648707 20014
