field.gps.latitude,field.gps.longitude,field.gps.altitude
39.9558065007,116.314436981,54.776
39.9558065077,116.314436992,54.776
39.9558065137,116.314436978,54.774
39.9558064473,116.314436986,54.785
39.9558065035,116.314436961,54.784
39.9558064982,116.314436971,54.781
39.9558064715,116.314436986,54.784
39.9558064838,116.314436981,54.78
39.9558064755,116.314436964,54.783
39.955806517,116.314436996,54.773
39.9558064965,116.31443696,54.78
39.9558064693,116.314436971,54.781
39.9558065078,116.314436967,54.778
39.9558064738,116.314436979,54.776
39.9558064533,116.314437005,54.78
39.9558064737,116.314436972,54.779
39.9558064597,116.314436993,54.779
39.9558064947,116.314436989,54.774
39.9558064622,116.314436981,54.778
39.9558064755,116.314436998,54.776
39.9558064685,116.314436984,54.776
39.9558064832,116.314436986,54.775
39.9558064642,116.31443701,54.777
39.9558065312,116.314436943,54.771
39.9558064977,116.314436982,54.772
39.955806539,116.31443696,54.768
39.9558065302,116.314436959,54.772
39.9558065115,116.314436962,54.774
39.955806546,116.314436956,54.767
39.955806518,116.314436961,54.772
39.9558065098,116.314436984,54.769
39.955806564,116.314437001,54.771
39.9558065237,116.31443699,54.77
39.9558065302,116.314436966,54.769
39.9558064912,116.314436841,54.766
39.9558064528,116.314436858,54.774
39.9558064597,116.314436831,54.77
39.9558064332,116.314436831,54.779
39.9558064828,116.314436843,54.769
39.955806484,116.314436854,54.765
39.9558064672,116.314436845,54.774
39.9558065027,116.314436837,54.769
39.9558064823,116.314436864,54.773
39.9558064273,116.314436822,54.771
39.9558064285,116.314436806,54.78
39.9558064615,116.314436829,54.776
39.9558064313,116.314436788,54.78
39.955806448,116.314436808,54.778
39.9558063827,116.314436829,54.779
39.955806386,116.314436808,54.786
39.9558064662,116.314436828,54.77
39.9558064583,116.314436784,54.778
39.9558064498,116.314436824,54.772
39.9558064452,116.314436795,54.778
39.9558064703,116.314436853,54.771
39.9558063687,116.314436825,54.793
39.9558064105,116.314436805,54.785
39.9558064265,116.314436861,54.78
39.9558063848,116.314436804,54.794
39.9558063533,116.314436803,54.795
39.9558063968,116.314436836,54.786
39.9558063932,116.314436835,54.784
39.9558063723,116.314436826,54.786
39.9558065133,116.314437035,54.778
39.9558064363,116.314436947,54.788
39.9558064753,116.314437007,54.779
39.9558064727,116.31443698,54.782
39.9558064737,116.31443695,54.783
39.9558064498,116.314436963,54.79
39.9558065035,116.314436982,54.787
39.9558064573,116.314437,54.782
39.9558065147,116.314437034,54.769
39.955806522,116.314437044,54.778
39.9558064948,116.314436931,54.778
39.9558065345,116.314437009,54.766
39.955806535,116.314436985,54.77
39.955806511,116.314437002,54.768
39.955806529,116.314436997,54.767
39.9558064837,116.314436956,54.779
39.9558065115,116.314436987,54.773
39.955806462,116.314436947,54.784
39.9558064713,116.314436948,54.786
39.955806512,116.314436935,54.776
39.955806503,116.314436919,54.772
39.9558065167,116.314436895,54.766
39.9558065237,116.3144369,54.765
39.9558065343,116.314436914,54.764
39.955806499,116.314436905,54.769
39.9558064987,116.314436885,54.768
39.9558065502,116.314436915,54.765
39.9558064765,116.314436906,54.77
39.9558065143,116.31443689,54.775
39.955806502,116.314436907,54.771
39.9558065005,116.31443693,54.773
39.9558064887,116.314436908,54.771
39.9558064898,116.314436931,54.774
39.9558064533,116.314436901,54.777
39.9558064908,116.31443691,54.774
39.9558064832,116.314436935,54.769
39.9558064955,116.314436887,54.777
39.955806501,116.314436895,54.77
39.9558064862,116.314436947,54.772
39.9558065398,116.314436906,54.765
39.9558064898,116.314436945,54.77
39.9558064582,116.314436939,54.787
39.955806493,116.314436963,54.778
39.9558064475,116.314436969,54.78
39.9558064585,116.314436946,54.78
39.9558064263,116.314436956,54.788
39.9558064398,116.314436948,54.785
39.955806445,116.314436959,54.785
39.9558064235,116.314436966,54.789
39.9558064212,116.314436931,54.786
39.9558065263,116.314436918,54.768
39.9558065145,116.314436902,54.771
39.9558065037,116.314436902,54.775
39.9558065335,116.314436888,54.77
39.955806521,116.314436904,54.766
39.955806537,116.31443694,54.773
39.955806527,116.314436905,54.77
39.9558065317,116.314436909,54.772
39.9558065468,116.314436918,54.763
39.9558065257,116.314436921,54.771
39.9558064702,116.314436974,54.787
39.9558064807,116.314437004,54.779
39.9558064658,116.314436987,54.788
39.9558064898,116.314437007,54.775
39.9558064765,116.314437011,54.783
39.9558064573,116.314436985,54.788
39.9558064878,116.314437019,54.779
39.9558064825,116.314436992,54.781
39.9558064433,116.314437001,54.786
39.9558064548,116.314437001,54.781
39.9558064862,116.314436942,54.777
39.9558064635,116.314436981,54.779
39.9558065178,116.314436995,54.775
39.9558064788,116.314436958,54.777
39.9558064778,116.314436982,54.782
39.955806459,116.314436961,54.778
39.9558065037,116.314436977,54.773
39.9558065115,116.314436993,54.767
39.9558064755,116.31443695,54.78
39.9558064775,116.314436978,54.775
39.9558065295,116.314436946,54.765
39.9558065265,116.314436955,54.768
39.9558064752,116.31443691,54.775
39.9558065205,116.314436867,54.77
39.9558065228,116.314436752,54.77
39.955806507,116.314436651,54.77
39.9558065347,116.314436531,54.769
39.9558065003,116.314436327,54.767
39.955806506,116.314436079,54.769
39.955806521,116.314435785,54.772
39.9558064273,116.31443541,54.795
39.955806496,116.314434889,54.773
39.9558064647,116.314434339,54.792
39.9558065142,116.314433736,54.787
39.9558065732,116.314433059,54.783
39.9558065328,116.31443235,54.787
39.9558064918,116.314431538,54.794
39.955806487,116.314430788,54.792
39.9558065053,116.314429925,54.795
39.9558064433,116.314428953,54.804
39.9558063498,116.314427954,54.78
39.9558063563,116.314426924,54.795
39.9558062808,116.314426043,54.797
39.9558064527,116.314424648,54.783
39.955806288,116.314423571,54.793
39.9558063295,116.314422207,54.786
39.9558062822,116.314420962,54.818
39.955806301,116.31441948,54.784
39.9558062973,116.314418006,54.792
39.955806264,116.31441643,54.77
39.955806264,116.314414455,54.79
39.955806178,116.314412661,54.798
39.9558061722,116.314410903,54.803
39.9558061385,116.314409,54.794
39.9558060803,116.31440682,54.774
39.9558058395,116.31440486,54.806
39.9558059012,116.314402694,54.777
39.955805732,116.314400467,54.784
39.955805492,116.314398147,54.794
39.9558054252,116.314395708,54.773
39.9558052185,116.314393253,54.773
39.9558049932,116.314390833,54.783
39.9558047935,116.314388304,54.788
39.9558046218,116.314385634,54.785
39.9558044327,116.314383004,54.811
39.9558041915,116.314380334,54.783
39.9558038415,116.314377521,54.813
39.9558037742,116.31437465,54.78
39.955803631,116.314371954,54.748
39.9558031943,116.31436873,54.702
39.9558028955,116.314365968,54.793
39.9558026697,116.314363261,54.794
39.9558023378,116.314359975,54.795
39.9558019547,116.314357054,54.822
39.9558016328,116.314353817,54.799
39.9558013398,116.31435023,54.82
39.9558010035,116.314346565,54.801
39.9558005093,116.314342794,54.787
39.9558001497,116.31433871,54.798
39.9557996267,116.314334529,54.736
39.9557990232,116.314330013,54.819
39.955798817,116.314325747,54.725
39.9557981578,116.314320989,54.793
39.9557976172,116.314316084,54.801
39.9557972428,116.314311088,54.82
39.9557967312,116.314306222,54.792
39.9557963758,116.314301033,54.802
39.9557959053,116.314296188,54.735
39.9557954522,116.314290841,54.722
39.9557949577,116.314285479,54.767
39.9557945977,116.314279986,54.76
39.9557940907,116.314274062,54.81
39.9557936522,116.314268364,54.803
39.9557934705,116.314262543,54.823
39.955793115,116.314256568,54.803
39.955792782,116.314250521,54.806
39.955792497,116.314244312,54.791
39.9557922017,116.314237931,54.787
39.9557918953,116.314231513,54.816
39.9557917648,116.314224985,54.789
39.9557915768,116.31421839,54.817
39.955791327,116.31421157,54.817
39.9557911902,116.314204596,54.824
39.9557910855,116.314197721,54.82
39.9557909285,116.314190625,54.812
39.9557908908,116.314183279,54.803
39.955790823,116.31417598,54.783
39.9557909103,116.314168583,54.792
39.9557908588,116.314161082,54.807
39.955790799,116.314153476,54.803
39.9557906808,116.31414584,54.786
39.9557908027,116.314137997,54.775
39.9557906832,116.314130152,54.824
39.9557906402,116.314122081,54.822
39.9557906342,116.314113888,54.802
39.9557905738,116.314105726,54.812
39.9557906788,116.314097392,54.793
39.9557906693,116.314088917,54.786
39.955790572,116.314080431,54.823
39.9557905637,116.314071823,54.838
39.9557906192,116.314063249,54.834
39.9557906795,116.314054633,54.843
39.9557907423,116.314045918,54.839
39.9557908042,116.314037149,54.832
39.9557908608,116.314028385,54.846
39.9557910043,116.314019456,54.847
39.9557909922,116.314010605,54.837
39.9557911947,116.314001534,54.837
39.9557913327,116.313992545,54.841
39.955791483,116.313983442,54.833
39.9557917165,116.313974224,54.818
39.9557917795,116.313965015,54.84
39.9557919387,116.313955686,54.845
39.9557921498,116.313946297,54.828
39.9557923207,116.313936801,54.832
39.955792441,116.313927335,54.854
39.9557926462,116.313917753,54.828
39.9557929778,116.313908106,54.847
39.9557931995,116.313898413,54.848
39.9557934377,116.313888624,54.835
39.9557939537,116.313878752,54.789
39.955794112,116.313868883,54.778
39.9557943917,116.313858982,54.788
39.955794683,116.313849002,54.771
39.9557949578,116.313839007,54.773
39.9557952287,116.313828848,54.767
39.9557955243,116.313818687,54.782
39.9557958303,116.313808442,54.778
39.9557961607,116.313798158,54.788
39.9557964635,116.313787864,54.79
39.9557965543,116.313777559,54.785
39.9557968583,116.313767019,54.782
39.9557972223,116.313756564,54.794
39.955797523,116.313746068,54.791
39.955797867,116.313735401,54.802
39.9557982393,116.313724724,54.793
39.9557985638,116.313714035,54.804
39.9557988543,116.313703233,54.794
39.9557992008,116.313692327,54.802
39.9557995277,116.313681433,54.797
39.9557998692,116.313670606,54.829
39.9558002185,116.313659503,54.802
39.9558004915,116.313648464,54.812
39.9558008767,116.31363728,54.801
39.9558012515,116.313626089,54.783
39.9558015418,116.313614857,54.804
39.9558019152,116.313603666,54.84
39.9558022927,116.313592165,54.785
39.955802649,116.313580776,54.792
39.9558029765,116.313569281,54.788
39.9558033682,116.313557712,54.79
39.955803704,116.313546111,54.814
39.9558040222,116.313534466,54.805
39.955804339,116.313522758,54.801
39.9558046988,116.313510976,54.801
39.9558050255,116.313499225,54.808
39.9558053952,116.313487354,54.785
39.9558057838,116.313475409,54.796
39.9558061212,116.313463438,54.81
39.9558064712,116.313451467,54.814
39.9558067442,116.313439329,54.797
39.9558071145,116.313427165,54.809
39.9558074933,116.313415109,54.818
39.9558077952,116.313402737,54.795
39.9558081522,116.313390467,54.807
39.9558084557,116.313378103,54.802
39.9558088288,116.313365714,54.817
39.9558092145,116.313353189,54.806
39.9558095482,116.313340651,54.803
39.955809964,116.313327968,54.799
39.9558104005,116.313315198,54.849
39.9558107802,116.313302579,54.854
39.9558111162,116.313289745,54.827
39.9558115477,116.31327684,54.825
39.9558119067,116.313264035,54.835
39.9558122885,116.313251089,54.831
39.9558127477,116.313238042,54.824
39.9558130367,116.313225065,54.836
39.955813464,116.313211961,54.828
39.9558138328,116.313198975,54.816
39.955814246,116.313185814,54.816
39.9558145622,116.313172781,54.786
39.9558150543,116.313159551,54.776
39.9558154075,116.313146321,54.785
39.9558158713,116.313133075,54.765
39.9558162665,116.313119766,54.779
39.9558166983,116.313106384,54.799
39.9558171692,116.313092986,54.797
39.9558176305,116.313079522,54.783
39.9558180102,116.313066011,54.791
39.9558185018,116.31305256,54.799
39.955819019,116.313038921,54.795
39.9558194382,116.313025269,54.812
39.9558199305,116.313011638,54.793
39.9558204203,116.312997988,54.814
39.9558208692,116.312984195,54.81
39.9558214088,116.312970444,54.804
39.9558218352,116.312956503,54.81
39.9558223848,116.312942668,54.804
39.9558227735,116.312928802,54.804
39.9558232788,116.312914718,54.814
39.9558236627,116.312900722,54.803
39.955824066,116.312886694,54.804
39.9558246038,116.312872602,54.816
39.9558249433,116.31285845,54.799
39.9558253593,116.312844275,54.798
39.955825769,116.312830088,54.793
39.9558261335,116.312815825,54.788
39.9558265138,116.312801512,54.791
39.9558268182,116.312787222,54.792
39.9558271342,116.312772916,54.791
39.9558274768,116.312758655,54.782
39.9558277045,116.31274433,54.78
39.9558279998,116.312729993,54.792
39.9558282157,116.312715751,54.801
39.9558285022,116.312701472,54.8
39.9558287037,116.312687191,54.8
39.9558290273,116.312673035,54.788
39.9558292835,116.312658802,54.788
39.9558295422,116.312644617,54.792
39.9558297593,116.312630455,54.803
39.9558299997,116.312616411,54.805
39.9558302917,116.31260241,54.813
39.9558305595,116.312588457,54.806
39.955830845,116.312574605,54.812
39.9558311955,116.312560975,54.801
39.9558314805,116.312547335,54.803
39.9558318335,116.312533837,54.801
39.955832103,116.312520396,54.796
39.9558324942,116.312507125,54.804
39.9558327825,116.312493972,54.784
39.9558331042,116.312480871,54.783
39.9558335055,116.312467969,54.778
39.9558338245,116.312455127,54.779
39.955834109,116.312442419,54.781
39.95583451,116.312429845,54.775
39.9558348233,116.312417346,54.779
39.9558351842,116.312404983,54.761
39.9558354508,116.312392738,54.769
39.9558358562,116.312380572,54.768
39.955836163,116.312368468,54.777
39.955836392,116.312356498,54.782
39.9558367232,116.312344612,54.787
39.9558371208,116.312332788,54.779
39.9558373907,116.312320924,54.789
39.9558377527,116.312309313,54.775
39.9558381453,116.312297881,54.786
39.9558384327,116.312286364,54.76
39.9558387937,116.312274929,54.776
39.9558391608,116.312263565,54.777
39.955839577,116.312252176,54.804
39.955839904,116.312240998,54.816
39.9558402613,116.312229804,54.827
39.9558406128,116.312218541,54.791
39.9558409005,116.312207514,54.798
39.9558412025,116.312196522,54.812
39.9558415417,116.312185319,54.784
39.9558417947,116.312174338,54.788
39.9558421567,116.312163289,54.792
39.955842392,116.312152244,54.802
39.9558425223,116.312141234,54.773
39.9558428225,116.312130234,54.761
39.9558431252,116.312119192,54.772
39.9558432532,116.312108105,54.776
39.9558435935,116.312097158,54.768
39.9558438848,116.312086102,54.77
39.9558440405,116.312075037,54.756
39.9558442298,116.312064003,54.756
39.9558444273,116.31205306,54.767
39.9558447177,116.312041981,54.76
39.9558448532,116.312030963,54.794
39.9558450828,116.312019891,54.785
39.9558452505,116.312008857,54.787
39.9558454357,116.311997877,54.784
39.9558456538,116.311986899,54.787
39.955845905,116.31197581,54.804
39.9558460435,116.311964869,54.787
39.9558462218,116.31195386,54.788
39.9558463945,116.311942883,54.793
39.9558466865,116.311931919,54.774
39.9558467395,116.311920905,54.796
39.9558469462,116.311909906,54.802
39.9558471188,116.311898874,54.804
39.9558472672,116.311887786,54.806
39.95584745,116.31187681,54.802
39.9558475775,116.311865656,54.812
39.955847714,116.311854477,54.817
39.9558479253,116.311843413,54.823
39.9558480422,116.311832329,54.815
39.9558481957,116.311821109,54.808
39.9558484937,116.311809907,54.794
39.955848561,116.311798652,54.805
39.9558487278,116.311787342,54.792
39.9558489457,116.311776011,54.808
39.9558490798,116.311764688,54.785
39.9558492653,116.31175321,54.786
39.9558494275,116.311741851,54.785
39.955849493,116.311730298,54.771
39.9558496235,116.311718697,54.762
39.9558498698,116.311707188,54.776
39.9558501425,116.311695641,54.789
39.9558502922,116.311684013,54.782
39.9558505765,116.311672354,54.767
39.9558509023,116.311660559,54.78
39.9558511858,116.311648733,54.781
39.9558514288,116.311636984,54.783
39.9558518178,116.311625111,54.798
39.9558521977,116.311613255,54.805
39.955852584,116.311601373,54.813
39.9558528818,116.311589375,54.804
39.9558533205,116.311577427,54.805
39.9558536512,116.311565349,54.791
39.955854029,116.311553289,54.791
39.9558544495,116.311541255,54.796
39.9558549028,116.311529145,54.795
39.9558553155,116.311517011,54.802
39.9558557515,116.311504893,54.798
39.955856093,116.31149281,54.801
39.9558566432,116.311480664,54.803
39.9558569825,116.311468492,54.786
39.9558572668,116.31145642,54.772
39.9558576008,116.311444322,54.75
39.9558579848,116.311432154,54.76
39.9558585482,116.311420109,54.78
39.9558588632,116.311407957,54.761
39.9558591995,116.31139592,54.759
39.955859618,116.311383787,54.75
39.955860007,116.311371744,54.76
39.9558603117,116.311359619,54.746
39.955860734,116.311347721,54.763
39.9558611642,116.311335621,54.744
39.9558615583,116.311323641,54.748
39.9558618765,116.311311641,54.759
39.9558623295,116.311299695,54.772
39.955862716,116.311287707,54.779
39.9558631033,116.311275785,54.781
39.955863513,116.31126376,54.764
39.9558638172,116.311251908,54.773
39.9558641863,116.311240067,54.79
39.9558644537,116.311228173,54.792
39.9558647613,116.311216182,54.794
39.9558650773,116.311204337,54.813
39.9558653707,116.311192479,54.802
39.9558656675,116.311180602,54.809
39.9558659873,116.311168844,54.806
39.9558663948,116.311157191,54.805
39.9558667068,116.311145565,54.8
39.955867005,116.311133888,54.803
39.9558673035,116.311122486,54.804
39.955867628,116.311111088,54.809
39.9558680415,116.311099719,54.823
39.955868329,116.31108836,54.791
39.955868624,116.311077258,54.818
39.9558688858,116.311066039,54.813
39.9558693157,116.311054964,54.834
39.955869513,116.311043959,54.81
39.9558697892,116.311032892,54.804
39.9558699933,116.311022149,54.802
39.9558703872,116.311011316,54.801
39.9558703545,116.311000462,54.818
39.9558706928,116.310989825,54.79
39.955871049,116.310979435,54.804
39.955871434,116.310968893,54.798
39.9558713885,116.310958095,54.775
39.9558713568,116.310947937,54.799
39.955871551,116.310937548,54.777
39.955871821,116.310927337,54.834
39.955871565,116.310916749,54.757
39.9558713015,116.310906662,54.793
39.9558720117,116.310897135,54.848
39.9558720448,116.31088691,54.849
39.955871707,116.31087695,54.764
39.955872347,116.310867569,54.81
39.955871736,116.310857418,54.715
39.9558721665,116.310848032,54.743
39.9558729768,116.310839134,54.815
39.9558726995,116.310829776,54.829
39.9558725038,116.310821526,54.9
39.9558716077,116.310811912,54.812
39.9558723553,116.310803882,54.89
39.9558739845,116.310795183,54.835
39.9558732953,116.310786448,54.787
39.9558725552,116.31077803,54.699
39.9558738918,116.310770558,54.815
39.9558733798,116.310762392,54.757
39.9558740437,116.310755381,54.832
39.9558726473,116.31074735,54.814
39.9558725537,116.310740723,54.914
39.9558722432,116.310733396,54.864
39.9558725998,116.310726592,54.881
39.9558724975,116.310719716,54.908
39.9558719637,116.310712671,54.867
39.9558717307,116.310705683,54.85
39.955871424,116.310699643,54.914
39.9558707033,116.310692905,54.868
39.9558708603,116.310686513,54.81
39.9558705827,116.31068093,54.853
39.9558708845,116.310674239,54.744
39.9558704623,116.310668816,54.707
39.955869222,116.310662719,54.671
39.9558706485,116.310657607,54.795
39.9558690847,116.310651803,54.737
39.9558693477,116.310646712,54.763
39.9558701787,116.310641629,54.862
39.9558699638,116.310636622,54.794
39.955869267,116.310631565,54.773
39.955869721,116.310626686,54.834
39.9558695602,116.310622064,54.776
39.9558695207,116.310617419,54.789
39.9558694705,116.310612826,54.791
39.9558691878,116.310608391,54.786
39.9558693253,116.310603801,54.707
39.9558693905,116.310600006,54.856
39.9558695287,116.310595702,54.719
39.9558695003,116.310591831,54.908
39.9558694828,116.310587999,54.778
39.9558694487,116.310584357,54.761
39.9558693922,116.310580987,54.845
39.9558694955,116.310577366,54.868
39.9558696018,116.310573856,54.881
39.955869493,116.310570463,54.807
39.9558695132,116.310567144,54.837
39.9558693927,116.310563894,54.799
39.955869561,116.310560699,54.806
39.9558696965,116.310557755,54.828
39.9558693975,116.310554701,54.823
39.9558697802,116.310551991,54.816
39.9558697272,116.310549328,54.746
39.955869746,116.310546578,54.758
39.9558698473,116.310543835,54.758
39.9558700805,116.310541069,54.768
39.9558701685,116.310538427,54.786
39.9558702395,116.310535743,54.803
39.9558703803,116.310533194,54.803
39.9558704965,116.310530628,54.804
39.9558705297,116.310528139,54.808
39.9558708118,116.310525645,54.819
39.9558708702,116.3105232,54.819
39.9558711535,116.310520733,54.811
39.9558713203,116.310518509,54.866
39.9558714262,116.310515961,54.81
39.9558716958,116.310513523,54.819
39.9558717745,116.31051121,54.797
39.9558721025,116.310508902,54.787
39.9558722523,116.310506442,54.808
39.9558724362,116.310504207,54.803
39.9558725843,116.310501798,54.788
39.9558726873,116.31049943,54.822
39.9558729588,116.310497045,54.789
39.9558731785,116.310494871,54.825
39.9558735302,116.310492668,54.809
39.9558737755,116.310490327,54.821
39.955873966,116.310488102,54.841
39.9558742142,116.310485803,54.803
39.9558744023,116.31048356,54.818
39.9558746643,116.310481184,54.838
39.9558748568,116.310478752,54.816
39.9558752358,116.310476201,54.838
39.9558756512,116.31047343,54.818
39.955875923,116.310470461,54.847
39.9558765453,116.310467304,54.846
39.9558770565,116.310463974,54.82
39.9558774558,116.310460432,54.822
39.9558779015,116.310456559,54.764
39.955878295,116.310452726,54.834
39.955878634,116.310448746,54.829
39.9558791735,116.31044462,54.8
39.955879736,116.310440201,54.834
39.9558802435,116.310435849,54.812
39.9558807822,116.310431368,54.811
39.9558812053,116.310426817,54.836
39.9558817575,116.310422174,54.836
39.955882308,116.310417446,54.825
39.9558827557,116.310412677,54.803
39.955883236,116.310407783,54.819
39.9558838275,116.310402837,54.819
39.9558844732,116.310397785,54.829
39.9558849498,116.310392685,54.855
39.9558855378,116.310387557,54.831
39.9558861075,116.310382528,54.829
39.95588658,116.310377475,54.827
39.9558870428,116.310372456,54.82
39.9558876678,116.310367476,54.828
39.9558881417,116.310362465,54.82
39.9558886723,116.31035754,54.827
39.955889243,116.31035259,54.838
39.9558898555,116.310347681,54.802
39.9558903343,116.310342891,54.819
39.9558909005,116.310338316,54.82
39.9558914893,116.310333834,54.816
39.9558920817,116.310329494,54.828
39.9558928182,116.310325396,54.856
39.9558934763,116.310321251,54.816
39.9558942633,116.310317245,54.816
39.9558950208,116.310313369,54.802
39.9558958007,116.31030967,54.816
39.9558966218,116.310306005,54.807
39.9558975303,116.310302539,54.815
39.955898384,116.310299143,54.819
39.9558992508,116.310295936,54.813
39.9559003468,116.310292864,54.813
39.9559014125,116.310289914,54.817
39.955902465,116.310287121,54.824
39.9559036147,116.31028437,54.807
39.9559047927,116.310281756,54.804
39.9559059488,116.310279316,54.82
39.9559073688,116.310276964,54.819
39.9559085577,116.310274744,54.805
39.9559099392,116.310272552,54.811
39.955911252,116.310270596,54.813
39.9559126877,116.310268649,54.837
39.9559141637,116.310266842,54.827
39.9559157342,116.310265024,54.815
39.9559172007,116.310263253,54.821
39.9559187998,116.310261709,54.824
39.95592043,116.310260186,54.824
39.9559221492,116.310258802,54.826
39.9559237873,116.310257408,54.833
39.955925596,116.310256033,54.817
39.9559272877,116.31025493,54.821
39.9559289682,116.310253774,54.844
39.9559306888,116.31025326,54.888
39.9559323555,116.310252234,54.89
39.9559342607,116.310251347,54.903
39.9559361383,116.310250432,54.894
39.9559381417,116.310249621,54.874
39.9559400075,116.310248822,54.879
39.955942041,116.310248071,54.865
39.9559440897,116.310247231,54.868
39.9559462122,116.310246616,54.865
39.955948606,116.310245684,54.789
39.9559507782,116.310244856,54.858
39.9559533327,116.310244482,54.836
39.9559558368,116.310243863,54.858
39.9559584238,116.31024311,54.764
39.9559611813,116.310242608,54.769
39.9559638462,116.310242172,54.806
39.955966693,116.310241645,54.788
39.9559696255,116.310241257,54.76
39.9559725972,116.310240706,54.724
39.9559756472,116.310240291,54.677
39.9559787283,116.310240329,54.83
39.9559819232,116.31024003,54.821
39.9559851105,116.310239798,54.797
39.9559885115,116.310239593,54.81
39.9559918483,116.310239301,54.796
39.9559951578,116.310239158,54.779
39.95599862,116.310238892,54.784
39.9560021178,116.310238879,54.801
39.9560056482,116.310238826,54.762
39.956009378,116.310238674,54.796
39.956012959,116.310238629,54.783
39.9560165187,116.310238525,54.777
39.9560202312,116.310238478,54.852
39.956024063,116.310238364,54.805
39.9560278778,116.310238447,54.86
39.9560316495,116.310238473,54.871
39.956035476,116.310238238,54.887
39.956039502,116.31023829,54.879
39.9560434858,116.310238082,54.886
39.9560476435,116.310238042,54.86
39.9560517363,116.310237912,54.864
39.9560560273,116.310238119,54.831
39.9560602087,116.310238081,54.821
39.9560645598,116.310238016,54.817
39.9560689405,116.310238008,54.793
39.9560733603,116.310238021,54.821
39.9560778172,116.310237801,54.824
39.956082295,116.310237798,54.828
39.9560868687,116.310237768,54.83
39.9560914788,116.310237873,54.849
39.9560961215,116.310237805,54.848
39.9561007698,116.310237692,54.857
39.956105538,116.310237771,54.836
39.9561103163,116.310237749,54.824
39.9561149788,116.310237735,54.837
39.9561196537,116.310237721,54.838
39.9561245028,116.310237718,54.809
39.9561291468,116.310237694,54.842
39.9561339147,116.310237775,54.823
39.9561386435,116.310237652,54.847
39.956143492,116.310237793,54.822
39.9561482455,116.310237776,54.834
39.9561530573,116.310237881,54.846
39.9561579385,116.310237843,54.831
39.95616278,116.310238006,54.831
39.9561675887,116.310237907,54.839
39.9561724155,116.310238099,54.852
39.9561772608,116.310238076,54.899
39.9561822213,116.310238332,54.843
39.9561870738,116.310238479,54.868
39.9561919905,116.310238603,54.856
39.9561968893,116.310238892,54.863
39.9562017917,116.310239126,54.867
39.9562067502,116.310239297,54.85
39.9562116693,116.310239562,54.869
39.9562166317,116.310239847,54.903
39.956221618,116.310240232,54.826
39.9562266573,116.310240469,54.823
39.9562315303,116.310240662,54.885
39.956236582,116.310241078,54.851
39.9562416065,116.310241443,54.831
39.9562466392,116.310241471,54.847
39.9562516662,116.310241748,54.841
39.9562567568,116.310241807,54.832
39.9562618432,116.310241963,54.838
39.9562668802,116.310242488,54.815
39.95627207,116.31024236,54.766
39.9562770452,116.310242288,54.794
39.9562822137,116.310242584,54.779
39.9562873622,116.310242458,54.771
39.9562924242,116.310242773,54.771
39.9562976173,116.310242727,54.763
39.9563027147,116.310242769,54.763
39.956307836,116.310242877,54.77
39.95631296,116.3102427,54.78
39.9563181662,116.310242702,54.768
39.9563232788,116.310242445,54.774
39.9563283715,116.310242367,54.788
39.9563336035,116.310242235,54.769
39.9563386663,116.310242075,54.775
39.9563438178,116.31024184,54.756
39.9563488213,116.310241696,54.778
39.9563539267,116.31024155,54.754
39.9563589728,116.310241431,54.744
39.9563638868,116.310241226,54.763
39.9563688797,116.310241011,54.754
39.9563737113,116.310240844,54.759
39.956378528,116.310240758,54.769
39.9563833677,116.310240605,54.762
39.9563881152,116.310240297,54.766
39.9563927345,116.310240062,54.79
39.9563973862,116.31024006,54.776
39.956401983,116.310239769,54.789
39.9564066337,116.310239661,54.761
39.9564110742,116.310239389,54.78
39.9564155507,116.310239209,54.777
39.9564200748,116.310238835,54.77
39.9564244238,116.310238683,54.768
39.9564287247,116.310238465,54.773
39.9564330938,116.310238244,54.77
39.9564373728,116.310238294,54.759
39.9564416032,116.310238104,54.75
39.9564457927,116.310237897,54.747
39.9564499978,116.310237649,54.774
39.9564540623,116.310237453,54.842
39.9564583397,116.310237464,54.776
39.9564624225,116.310237295,54.778
39.9564665468,116.310237154,54.775
39.956470598,116.310236984,54.778
39.956474553,116.310236969,54.787
39.956478571,116.310236818,54.763
39.9564824373,116.310236892,54.779
39.956486399,116.310236547,54.753
39.9564900697,116.310236642,54.778
39.9564938993,116.310236484,54.777
39.956497621,116.31023649,54.774
39.956501223,116.310236389,54.761
39.956504808,116.310236391,54.756
39.9565084023,116.310236064,54.754
39.9565122073,116.310236631,54.688
39.9565157325,116.31023633,54.71
39.9565193385,116.310236389,54.68
39.956522911,116.31023642,54.664
39.956526428,116.310236302,54.669
39.9565298743,116.310236433,54.657
39.9565333308,116.310236271,54.687
39.956536919,116.310236441,54.633
39.9565403585,116.310236421,54.66
39.9565438312,116.310236314,54.655
39.9565471253,116.310236264,54.724
39.9565506112,116.310236203,54.705
39.9565540513,116.31023629,54.713
39.9565573355,116.31023643,54.728
39.9565607545,116.310236381,54.739
39.956564154,116.310236543,54.733
39.9565675557,116.310236701,54.714
39.9565709223,116.310236539,54.734
39.956574272,116.310236412,54.724
39.9565775028,116.310236697,54.744
39.9565809772,116.310237179,54.701
39.956584302,116.31023707,54.686
39.956587628,116.310236892,54.708
39.9565909867,116.310236818,54.714
39.9565942013,116.310237317,54.685
39.9565973518,116.310237096,54.732
39.9566005007,116.310237227,54.721
39.9566037388,116.310237407,54.702
39.9566071122,116.310237489,54.61
39.9566099687,116.310237617,54.731
39.9566131247,116.310237625,54.697
39.9566161015,116.310237893,54.699
39.9566189903,116.31023792,54.724
39.9566219228,116.310238021,54.72
39.9566247312,116.310238317,54.732
39.9566276178,116.310238643,54.736
39.956630481,116.31023829,54.707
39.956633288,116.310238618,54.744
39.9566360487,116.310238819,54.726
39.956638897,116.310239003,54.738
39.9566418185,116.310239144,54.669
39.9566446877,116.310239251,54.709
39.9566472945,116.310239601,54.725
39.956650272,116.310239836,54.669
39.9566528553,116.310240086,54.706
39.9566557495,116.310240329,54.671
39.9566584337,116.310240753,54.704
39.956660995,116.310241174,54.694
39.9566637478,116.3102415,54.682
39.956666317,116.310241983,54.679
39.9566691205,116.310242494,54.706
39.9566716508,116.310243161,54.762
39.9566743465,116.310243502,54.751
39.956676892,116.310244295,54.778
39.9566795192,116.310244844,54.743
39.9566823318,116.31024573,54.698
39.956684861,116.310246203,54.746
39.9566872937,116.310247441,54.716
39.9566900527,116.310248329,54.68
39.9566924305,116.310249459,54.703
39.9566948682,116.310250644,54.703
39.9566972982,116.310251899,54.703
39.9566998843,116.31025308,54.715
39.9567023782,116.310254519,54.696
39.956704776,116.310256248,54.741
39.9567070165,116.310258146,54.693
39.9567091833,116.31026017,54.702
39.9567114077,116.310262132,54.704
39.9567135333,116.310264134,54.694
39.956715726,116.31026632,54.69
39.9567177613,116.310268432,54.704
39.95671977,116.310270855,54.675
39.9567217242,116.310273362,54.652
39.9567235252,116.310275878,54.654
39.9567253835,116.310278594,54.634
39.9567270708,116.31028136,54.638
39.956728709,116.310284339,54.626
39.9567305057,116.310287069,54.629
39.956732039,116.310290189,54.632
39.9567336433,116.310293105,54.654
39.9567349442,116.310296349,54.725
39.9567363683,116.310299629,54.696
39.9567379192,116.310302767,54.694
39.9567392367,116.310306123,54.704
39.9567405153,116.310309523,54.725
39.9567417792,116.310312819,54.753
39.9567431157,116.310316001,54.717
39.9567443463,116.310319521,54.728
39.9567453917,116.310322972,54.71
39.9567465018,116.310326432,54.703
39.9567473563,116.310330231,54.71
39.9567482765,116.310333635,54.606
39.9567490355,116.310337625,54.703
39.956749841,116.310341439,54.625
39.9567505365,116.310345325,54.688
39.9567512897,116.310348992,54.687
39.9567519303,116.310353426,54.698
39.9567524687,116.310357263,54.712
39.9567530972,116.310361663,54.647
39.9567536085,116.310365391,54.685
39.9567540012,116.310369244,54.71
39.9567544333,116.310373401,54.678
39.9567547595,116.310377632,54.647
39.95675509,116.310381699,54.695
39.9567553962,116.310386027,54.698
39.9567558162,116.310390305,54.588
39.9567560338,116.310394787,54.523
39.956755855,116.310399067,54.765
39.956755978,116.310403662,54.868
39.9567563472,116.310408005,55.298
39.9567557572,116.310413027,54.62
39.9567563458,116.310417655,54.741
39.9567559008,116.310422289,54.721
39.9567552662,116.310427508,54.297
39.9567558658,116.31043211,55.287
39.9567577377,116.310434722,54.229
39.9567575212,116.310439929,54.248
39.9567573828,116.310445171,54.241
39.9567570745,116.310450429,54.246
39.9567565025,116.310455849,54.249
39.9567562163,116.310461243,54.265
39.9567556897,116.310466918,54.26
39.956755338,116.310472609,54.26
39.9567550432,116.310478695,54.261
39.956754607,116.310484462,54.273
39.9567545035,116.310490827,54.277
39.9567540455,116.310496743,54.285
39.956753867,116.310502925,54.256
39.9567534073,116.310509096,54.26
39.9567533055,116.310515367,54.226
39.9567528722,116.310521649,54.242
39.9567500768,116.310530002,54.659
39.9567498015,116.310536532,54.723
39.956749259,116.310542948,54.633
39.9567486682,116.310549589,54.604
39.9567489375,116.310555938,54.878
39.9567486323,116.310563249,54.75
39.9567482402,116.310569926,54.655
39.9567484555,116.310576518,54.684
39.9567481678,116.310583461,54.842
39.9567478313,116.310590403,54.588
39.956747923,116.310597628,54.692
39.9567477265,116.310604664,54.628
39.9567475318,116.310611342,54.618
39.9567479167,116.310618492,54.689
39.9567475202,116.310625701,54.561
39.956747863,116.310632581,54.648
39.9567474858,116.310639744,54.577
39.9567474065,116.310646831,54.623
39.956747728,116.31065375,54.604
39.9567477388,116.310660927,54.743
39.9567478682,116.310668243,54.681
39.956747951,116.310675196,54.743
39.9567479975,116.310682296,54.719
39.9567481822,116.310689446,54.773
39.9567481,116.310696274,54.648
39.9567482992,116.310703846,54.754
39.9567483782,116.310710784,54.647
39.9567483875,116.310717728,54.517
39.9567484128,116.310725624,54.778
39.9567484545,116.310732735,54.682
39.9567484512,116.310739892,54.507
39.956748585,116.310747393,54.643
39.9567485138,116.310755351,54.759
39.9567488017,116.310762969,54.813
39.9567485452,116.310770007,54.621
39.9567487383,116.310777517,54.486
39.9567489093,116.310786305,54.825
39.956748872,116.31079437,54.973
39.9567489562,116.310802345,54.98
39.9567492863,116.310809404,54.799
39.956749286,116.310816949,54.776
39.9567490785,116.310825273,54.751
39.9567488988,116.310833394,54.746
39.9567488195,116.310841634,54.733
39.9567485803,116.310849801,54.684
39.9567485498,116.31085821,54.737
39.956748352,116.310866683,54.742
39.9567481707,116.310875208,54.824
39.9567481408,116.310883591,54.721
39.956747495,116.310891918,54.704
39.9567474338,116.310900685,54.738
39.9567472953,116.310909101,54.71
39.9567472622,116.310917684,54.675
39.9567470733,116.310926322,54.613
39.9567471043,116.310934776,54.627
39.9567471497,116.310943609,54.629
39.9567471522,116.310952199,54.564
39.9567471372,116.310960979,54.656
39.9567472222,116.31096984,54.595
39.9567471472,116.310978985,54.629
39.9567471463,116.310987852,54.647
39.956747289,116.310996794,54.632
39.9567472203,116.311005884,54.695
39.9567474305,116.311014747,54.67
39.9567476397,116.311023549,54.6
39.9567477033,116.311032646,54.677
39.9567479197,116.311041588,54.666
39.9567480885,116.311050575,54.649
39.9567482295,116.311059761,54.629
39.9567482972,116.311068828,54.677
39.9567485902,116.311077942,54.678
39.9567486463,116.311086911,54.685
39.956748923,116.311096097,54.684
39.9567490978,116.311105272,54.688
39.9567493022,116.311114272,54.679
39.9567494685,116.31112329,54.68
39.9567497535,116.311132508,54.665
39.9567497432,116.311141485,54.711
39.9567501465,116.311150942,54.741
39.9567506002,116.311159774,54.666
39.9567507008,116.311168749,54.696
39.9567508388,116.311177871,54.67
39.9567513325,116.311186784,54.693
39.9567514923,116.311195978,54.688
39.9567515377,116.31120489,54.743
39.9567518985,116.311214243,54.675
39.9567518947,116.311223051,54.745
39.9567521237,116.311231785,54.796
39.9567522793,116.311241146,54.77
39.95675248,116.311249724,54.811
39.9567529432,116.311259763,54.641
39.9567529238,116.311267926,54.819
39.956753139,116.311277187,54.733
39.9567531575,116.311287134,54.659
39.9567538267,116.311295398,54.718
39.9567537465,116.31130434,54.786
39.9567542127,116.311313366,54.791
39.956754448,116.311322253,54.805
39.9567546442,116.311331317,54.809
39.9567544012,116.31134113,54.715
39.9567547443,116.311350348,54.743
39.9567547237,116.311360331,54.57
39.9567547833,116.311368851,54.66
39.9567554483,116.31137749,54.77
39.9567561345,116.311386868,54.679
39.956755705,116.31139594,54.689
39.9567560387,116.311404854,54.693
39.9567562778,116.311413829,54.709
39.9567563985,116.311423008,54.692
39.956756757,116.311431992,54.737
39.9567569363,116.311441169,54.722
39.9567570567,116.311450212,54.709
39.9567575263,116.311459318,54.733
39.9567577998,116.311468306,54.735
39.9567578788,116.311477356,54.718
39.9567581882,116.311486527,54.738
39.956758391,116.31149559,54.745
39.9567586758,116.311504888,54.758
39.9567588498,116.311513922,54.756
39.9567591995,116.311522947,54.726
39.9567594245,116.311532034,54.727
39.9567597048,116.311541143,54.727
39.9567598923,116.311550138,54.723
39.9567601313,116.311559117,54.716
39.9567603562,116.311568088,54.713
39.9567605498,116.311576993,54.728
39.9567607122,116.311585878,54.708
39.9567609293,116.311594795,54.699
39.9567609752,116.31160365,54.717
39.9567610947,116.311612343,54.715
39.9567611222,116.311621072,54.708
39.9567611947,116.311629694,54.701
39.956761137,116.311638277,54.719
39.956761169,116.31164674,54.7
39.956761121,116.311655197,54.705
39.9567610835,116.3116636,54.71
39.956760987,116.311671873,54.716
39.956760903,116.311680187,54.726
39.9567608828,116.311688353,54.716
39.9567607765,116.311696371,54.726
39.9567606335,116.311704395,54.714
39.9567611922,116.311712461,54.629
39.9567609533,116.311720426,54.666
39.9567608798,116.31172852,54.693
39.9567606475,116.311736269,54.682
39.9567604052,116.311744104,54.676
39.9567602343,116.311751814,54.664
39.9567600665,116.31175942,54.662
39.9567598415,116.311766967,54.664
39.9567596178,116.311774494,54.654
39.956759488,116.311782007,54.645
39.9567594007,116.311789373,54.649
39.9567592112,116.311796748,54.645
39.9567590878,116.311803993,54.627
39.956759077,116.311811174,54.632
39.956758801,116.311818297,54.642
39.956758698,116.311825317,54.636
39.9567586587,116.311832259,54.637
39.9567587098,116.311839254,54.622
39.9567586242,116.311846231,54.623
39.9567582063,116.311853005,54.63
39.9567579832,116.311859658,54.612
39.9567580352,116.311866211,54.626
39.9567583317,116.311872833,54.589
39.9567580658,116.31187953,54.612
39.9567578507,116.311886243,54.622
39.9567578827,116.311892819,54.637
39.9567579842,116.311899431,54.624
39.9567581072,116.311905951,54.635
39.9567581795,116.311912382,54.637
39.9567582257,116.311919091,54.609
39.9567583465,116.311925558,54.612
39.9567585697,116.311932099,54.603
39.9567589523,116.311938495,54.623
39.9567593967,116.31194507,54.62
39.9567599893,116.311951624,54.6
39.9567605843,116.311958015,54.619
39.9567612847,116.311964498,54.608
39.9567620263,116.31197091,54.61
39.956762906,116.311977367,54.617
39.9567636508,116.311983522,54.656
39.956764594,116.31199004,54.678
39.956765387,116.311996535,54.687
39.9567662195,116.312003025,54.686
39.9567669978,116.312009498,54.7
39.9567679103,116.312016054,54.693
39.9567687155,116.312022591,54.71
39.9567695035,116.312029143,54.692
39.9567703475,116.312035703,54.696
39.9567712023,116.312042324,54.704
39.9567719587,116.312048985,54.679
39.9567727083,116.312055559,54.703
39.9567734737,116.312062239,54.696
39.956774251,116.312069027,54.689
39.956774848,116.312075564,54.678
39.956775553,116.312082399,54.685
39.9567762517,116.312089134,54.695
39.9567768373,116.312095981,54.694
39.9567774898,116.312102888,54.688
39.9567780583,116.312109644,54.716
39.956778636,116.312116519,54.709
39.9567791888,116.312123429,54.715
39.9567796415,116.312130327,54.705
39.9567801465,116.312137468,54.679
39.9567806165,116.312144403,54.688
39.9567810208,116.312151586,54.705
39.9567813882,116.312158777,54.707
39.9567818335,116.312166003,54.685
39.9567821995,116.312173276,54.676
39.9567823455,116.312180606,54.687
39.956782563,116.312188024,54.669
39.956782937,116.312195425,54.68
39.9567831587,116.312203127,54.632
39.9567832178,116.312210674,54.677
39.956783334,116.312218344,54.688
39.9567834237,116.312226126,54.688
39.9567836218,116.312233943,54.681
39.956783759,116.312241789,54.675
39.9567836682,116.312249751,54.678
39.9567836642,116.312257632,54.678
39.9567836475,116.312265763,54.684
39.9567835512,116.31227381,54.682
39.9567835353,116.312281911,54.682
39.9567835015,116.312290104,54.688
39.9567834255,116.312298312,54.681
39.9567833288,116.312306542,54.69
39.95678315,116.31231489,54.67
39.9567831392,116.31232331,54.701
39.9567830185,116.312331641,54.658
39.9567828948,116.312340191,54.643
39.9567827925,116.312348445,54.654
39.9567827337,116.312356958,54.654
39.9567825707,116.312365589,54.692
39.956782512,116.31237426,54.688
39.9567822938,116.312382759,54.674
39.9567822518,116.312391493,54.717
39.9567822165,116.31240033,54.667
39.9567821028,116.312409037,54.667
39.956782061,116.312417786,54.663
39.9567818983,116.312426436,54.648
39.9567818487,116.312435296,54.649
39.9567818112,116.312444105,54.649
39.9567816338,116.312452959,54.653
39.9567815042,116.312461877,54.656
39.9567813988,116.312470993,54.653
39.9567813785,116.312479859,54.663
39.9567813922,116.312488792,54.651
39.9567812207,116.312497738,54.65
39.956781121,116.312506842,54.644
39.9567809855,116.312516052,54.668
39.9567809263,116.312525321,54.672
39.9567808318,116.312534404,54.679
39.9567805357,116.312543592,54.664
39.9567804732,116.312552754,54.656
39.9567803858,116.312562093,54.669
39.9567801623,116.312571453,54.665
39.9567800248,116.31258079,54.678
39.9567797222,116.312590104,54.669
39.9567794318,116.312599507,54.675
39.956778988,116.312608915,54.679
39.9567785888,116.312618462,54.687
39.9567781057,116.312627968,54.693
39.9567775928,116.312637525,54.698
39.9567771263,116.312647015,54.703
39.9567764657,116.312656632,54.705
39.9567757962,116.312666184,54.675
39.956775186,116.312675766,54.686
39.9567745613,116.312685359,54.683
39.9567740645,116.312695041,54.683
39.9567735193,116.312704803,54.679
39.9567731625,116.312714531,54.685
39.9567727248,116.312724286,54.683
39.9567723985,116.312734152,54.696
39.9567721758,116.312743951,54.691
39.9567719397,116.312753766,54.691
39.9567716472,116.312763466,54.682
39.9567716573,116.312773453,54.707
39.9567715857,116.312783393,54.702
39.9567716282,116.312793299,54.722
39.9567715975,116.312803278,54.732
39.9567717585,116.312813276,54.728
39.956771918,116.31282334,54.727
39.956772048,116.312833106,54.702
39.9567723635,116.312843161,54.717
39.9567726572,116.312853111,54.722
39.9567728798,116.312863154,54.727
39.9567730903,116.312873166,54.718
39.9567732707,116.312883214,54.723
39.9567734572,116.312893266,54.721
39.9567736412,116.312903281,54.727
39.956773733,116.312913408,54.716
39.9567738275,116.312923265,54.696
39.9567739725,116.312933386,54.7
39.9567740362,116.312943598,54.745
39.9567741472,116.312953368,54.721
39.9567742727,116.312963624,54.774
39.9567743397,116.312973549,54.76
39.956774381,116.312983635,54.787
39.9567743795,116.312993528,54.78
39.9567745017,116.313003489,54.8
39.9567746267,116.313013107,54.767
39.9567747032,116.313022822,54.775
39.9567746635,116.313032627,54.77
39.9567747168,116.313042484,54.784
39.9567746572,116.313052035,54.784
39.9567747653,116.313061508,54.765
39.9567749842,116.313071073,54.775
39.9567750265,116.313080299,54.742
39.9567751578,116.313089709,54.761
39.9567753455,116.313099009,54.77
39.9567756242,116.313108182,54.742
39.9567758608,116.31311726,54.762
39.9567760685,116.31312627,54.759
39.9567763843,116.313135212,54.776
39.9567766105,116.313144032,54.754
39.9567769018,116.313152789,54.803
39.956777105,116.313161145,54.761
39.9567773127,116.313169513,54.762
39.9567774925,116.3131777,54.749
39.9567776893,116.313185759,54.74
39.9567778343,116.313193748,54.789
39.9567780453,116.313201515,54.782
39.95677814,116.313209181,54.784
39.9567781228,116.313216823,54.8
39.9567782203,116.313224232,54.798
39.9567781848,116.31323156,54.797
39.9567782112,116.313238919,54.821
39.9567782228,116.313245947,54.818
39.956778183,116.313252928,54.832
39.956778084,116.313259805,54.841
39.956777761,116.313266517,54.807
39.9567776137,116.313273056,54.775
39.9567774592,116.313279665,54.827
39.9567774158,116.313286086,54.818
39.956777265,116.313292472,54.8
39.956776993,116.313298734,54.822
39.9567766985,116.313304811,54.822
39.9567765372,116.313310953,54.826
39.9567762817,116.313316891,54.835
39.9567760612,116.313322898,54.83
39.9567756992,116.313328826,54.822
39.956775249,116.313334723,54.837
39.9567749595,116.313340465,54.832
39.9567744493,116.313346205,54.848
39.9567740845,116.31335193,54.828
39.956773506,116.313357466,54.81
39.9567729958,116.313362941,54.811
39.9567723945,116.313368418,54.822
39.9567717412,116.313373838,54.837
39.9567712337,116.313379111,54.802
39.9567704998,116.313384377,54.821
39.9567696863,116.313389587,54.8
39.9567690157,116.31339463,54.807
39.9567680658,116.313399791,54.821
39.9567672057,116.313404869,54.807
39.956766154,116.313409992,54.823
39.9567651607,116.313415106,54.823
39.9567640245,116.313420262,54.84
39.9567627668,116.31342518,54.816
39.956761448,116.313430126,54.816
39.9567602188,116.313435029,54.817
39.956758717,116.313439932,54.818
39.9567571285,116.313444799,54.819
39.9567555118,116.313449679,54.841
39.956753734,116.313454424,54.824
39.956751971,116.313459217,54.827
39.9567499927,116.313463866,54.834
39.956748074,116.313468521,54.844
39.9567459375,116.313473149,54.844
39.9567437437,116.313477708,54.824
39.9567413977,116.313482244,54.826
39.9567390968,116.313486701,54.818
39.9567365693,116.313491053,54.839
39.9567339483,116.313495371,54.828
39.956731294,116.313499565,54.832
39.9567285177,116.313503781,54.829
39.956725701,116.313507857,54.829
39.9567227313,116.313511892,54.836
39.956719681,116.31351566,54.829
39.9567165197,116.313519495,54.835
39.9567132105,116.313523072,54.823
39.9567099037,116.313526681,54.824
39.9567064247,116.313530109,54.807
39.9567029312,116.313533399,54.807
39.956699205,116.313536621,54.828
39.9566955345,116.3135397,54.81
39.956691649,116.313542708,54.826
39.956687657,116.313545515,54.81
39.9566835898,116.313548303,54.811
39.9566793818,116.313550903,54.84
39.9566750177,116.313553301,54.81
39.9566706055,116.313555671,54.854
39.9566661178,116.313557821,54.846
39.9566615413,116.313559793,54.823
39.9566568437,116.31356164,54.824
39.9566519963,116.313563588,54.844
39.9566471212,116.313565355,54.862
39.9566421483,116.313567082,54.909
39.9566372055,116.313568269,54.839
39.9566321067,116.313569683,54.819
39.9566271082,116.313570822,54.786
39.956621871,116.313572021,54.783
39.9566167322,116.313573264,54.809
39.9566114462,116.313574266,54.813
39.9566062378,116.313574891,54.764
39.9566007008,116.313575934,54.806
39.956595326,116.313576568,54.724
39.9565898465,116.313577044,54.732
39.9565842745,116.313577717,54.753
39.956578589,116.313578171,54.821
39.956572966,116.313578541,54.89
39.9565672733,116.313578929,54.874
39.9565616485,116.313578886,54.834
39.9565558755,116.313579022,54.852
39.9565499128,116.313579205,54.907
39.9565442918,116.313578838,54.824
39.956538381,116.313578642,54.819
39.9565325148,116.313578542,54.808
39.9565265502,116.313578213,54.813
39.9565205117,116.313578014,54.779
39.9565145393,116.313577669,54.771
39.9565085475,116.313577876,54.743
39.9565024333,116.313577396,54.774
39.9564963745,116.313577438,54.757
39.956490226,116.313577103,54.767
39.9564841153,116.313577033,54.764
39.9564779312,116.313576953,54.765
39.9564718178,116.313576923,54.747
39.9564656808,116.31357697,54.737
39.9564595275,116.313576794,54.765
39.9564531553,116.313576761,54.701
39.9564470495,116.313576557,54.693
39.9564408085,116.313576812,54.711
39.9564346452,116.313576836,54.689
39.9564284497,116.313576716,54.681
39.956422228,116.313576865,54.689
39.9564160282,116.313576984,54.687
39.9564097608,116.313576965,54.682
39.9564036602,116.313577094,54.723
39.95639774,116.313577093,54.68
39.956391527,116.313577153,54.697
39.9563855093,116.313577221,54.715
39.9563795443,116.313577277,54.696
39.9563735363,116.31357733,54.711
39.956367887,116.313577273,54.683
39.9563619068,116.313577325,54.699
39.9563562227,116.313577311,54.692
39.9563504857,116.313577454,54.734
39.9563449943,116.313577262,54.685
39.956339468,116.313577238,54.687
39.9563339858,116.313577249,54.692
39.956328286,116.313577691,54.856
39.9563230652,116.313577618,54.862
39.9563179973,116.313577735,54.85
39.9563130142,116.313577591,54.849
39.956308263,116.313577568,54.854
39.9563036078,116.313577397,54.832
39.956299012,116.313577515,54.85
39.9562945897,116.313577645,54.849
39.9562903753,116.313577649,54.846
39.9562862313,116.313577711,54.855
39.9562823043,116.3135776,54.79
39.9562785075,116.313577958,54.761
39.9562746548,116.31357827,54.775
39.9562710647,116.3135785,54.726
39.9562672033,116.313578848,54.775
39.9562635797,116.31357901,54.715
39.956259907,116.31357935,54.71
39.9562564517,116.313579732,54.695
39.9562521377,116.313581408,54.977
39.9562487663,116.313582056,55.026
39.9562451587,116.313582042,54.998
39.9562417105,116.313582806,54.993
39.9562384002,116.313583213,54.966
39.9562348673,116.313583748,54.982
39.9562315375,116.313584783,55.085
39.9562280977,116.313584975,54.96
39.9562247717,116.313585638,54.937
39.9562212472,116.313586396,54.97
39.956217853,116.313587265,54.952
39.9562154183,116.313586841,54.649
39.9562120687,116.313587903,54.639
39.95620874,116.31358901,54.642
39.9562053902,116.31359006,54.638
39.9562022193,116.313591168,54.612
39.9561989857,116.313592583,54.629
39.9561957243,116.313593908,54.628
39.9561925655,116.313595441,54.615
39.9561894058,116.313597144,54.639
39.9561865537,116.31359856,54.547
39.9561835245,116.313600492,54.555
39.9561805587,116.313602636,54.56
39.9561777575,116.313604909,54.556
39.9561751272,116.313607088,54.539
39.9561724212,116.313609815,54.561
39.9561699207,116.313612562,54.531
39.9561673658,116.313615303,54.556
39.9561651023,116.313618182,54.538
39.9561628445,116.313621342,54.556
39.9561607415,116.313624747,54.526
39.9561588332,116.313628579,54.574
39.956157079,116.313632041,54.575
39.9561552267,116.313635844,54.586
39.9561535387,116.313639599,54.599
39.9561521015,116.31364364,54.617
39.95615084,116.313647469,54.599
39.9561496833,116.313651718,54.58
39.9561486978,116.313656034,54.588
39.9561476457,116.313660519,54.603
39.9561468172,116.313665389,54.677
39.9561461162,116.313669816,54.666
39.9561454168,116.313674629,54.66
39.95614481,116.313679588,54.688
39.9561442782,116.313684609,54.714
39.9561437955,116.313689649,54.725
39.9561435363,116.313694745,54.695
39.956143216,116.313699963,54.703
39.9561430478,116.313705424,54.711
39.9561429858,116.313710828,54.721
39.9561428505,116.313716293,54.689
39.9561428157,116.313721833,54.677
39.9561429092,116.313727409,54.67
39.956142966,116.313733158,54.661
39.9561430572,116.313738815,54.659
39.9561430077,116.313744874,54.669
39.9561429968,116.313750968,54.676
39.9561432155,116.313757002,54.678
39.956143419,116.313763106,54.67
39.956143559,116.313769504,54.682
39.9561434907,116.313775625,54.676
39.9561434535,116.313781957,54.69
39.9561436458,116.313788269,54.672
39.9561437357,116.313794848,54.668
39.956143977,116.313801444,54.683
39.9561441227,116.313808124,54.637
39.9561441432,116.31381485,54.665
39.9561441637,116.31382172,54.655
39.9561444028,116.313828567,54.658
39.9561444747,116.313835554,54.659
39.9561447807,116.313842614,54.668
39.9561449973,116.313849591,54.675
39.9561450795,116.313856629,54.662
39.9561452413,116.313863625,54.645
39.9561454805,116.313870744,54.661
39.9561455108,116.313877691,54.63
39.9561457502,116.313884913,54.666
39.956145905,116.313892087,54.645
39.9561461167,116.313899402,54.642
39.9561462368,116.31390659,54.657
39.9561460443,116.313914064,54.651
39.9561460982,116.313921323,54.651
39.9561462635,116.313928835,54.642
39.956146337,116.313936222,54.625
39.9561464815,116.313943839,54.652
39.9561465427,116.31395151,54.649
39.9561465115,116.313959162,54.636
39.9561466357,116.313966851,54.628
39.9561467328,116.313974672,54.631
39.95614673,116.313982523,54.638
39.95614679,116.313990276,54.601
39.9561467795,116.313998059,54.617
39.956146813,116.314005876,54.595
39.9561468745,116.314013776,54.584
39.9561469027,116.314021706,54.615
39.956146773,116.31402944,54.621
39.956146838,116.314037255,54.58
39.956146811,116.314045092,54.574
39.9561468352,116.314053033,54.588
39.9561468883,116.314061019,54.588
39.9561465938,116.314068987,54.613
39.9561466318,116.314076924,54.599
39.9561465578,116.314084639,54.598
39.9561465683,116.314092574,54.582
39.9561465105,116.31410059,54.605
39.9561464048,116.314108459,54.591
39.9561464478,116.314116516,54.607
39.9561464737,116.314124483,54.613
39.956146499,116.314132364,54.609
39.9561464593,116.314140171,54.596
39.9561466057,116.314147929,54.624
39.9561467157,116.314156015,54.62
39.9561467533,116.314163885,54.636
39.9561466258,116.314171724,54.661
39.9561466213,116.314179774,54.621
39.956146792,116.314187619,54.619
39.9561467333,116.314195608,54.637
39.9561468503,116.314203534,54.633
39.9561468263,116.314211486,54.64
39.9561468265,116.314219464,54.637
39.9561467105,116.314227439,54.631
39.9561467983,116.314235371,54.623
39.956146812,116.314243272,54.626
39.9561467602,116.314251058,54.626
39.9561466473,116.314259022,54.606
39.9561467752,116.314266811,54.631
39.9561469612,116.3142745,54.602
39.9561468038,116.314282365,54.632
39.9561468562,116.31429012,54.632
39.9561468973,116.314297911,54.634
39.956146842,116.314305483,54.634
39.9561469255,116.314313165,54.629
39.9561469062,116.314320539,54.612
39.9561469493,116.314328011,54.642
39.9561467723,116.314335219,54.617
39.9561468702,116.314342552,54.616
39.95614692,116.31434974,54.642
39.9561468077,116.314356886,54.608
39.9561468912,116.314363978,54.628
39.9561468443,116.314371013,54.615
39.9561468393,116.314378032,54.637
39.9561468737,116.314384985,54.618
39.9561468623,116.314391774,54.614
39.9561467493,116.314398748,54.625
39.9561470228,116.314405821,54.613
39.956146839,116.314412919,54.653
39.9561468082,116.314419841,54.627
39.9561467095,116.314426747,54.615
39.9561467267,116.314433793,54.608
39.956146681,116.314440734,54.607
39.9561468423,116.314447809,54.626
39.9561470273,116.314454872,54.618
39.9561469682,116.314461904,54.615
39.9561467662,116.314468892,54.639
39.9561467735,116.314475893,54.628
39.956146872,116.314482948,54.619
39.9561469463,116.314490012,54.617
39.9561467442,116.314497007,54.618
39.9561465543,116.314504085,54.617
39.9561465467,116.314511129,54.626
39.9561467003,116.314518112,54.626
39.9561467945,116.314525273,54.618
39.9561466703,116.314532303,54.617
39.9561467478,116.314539377,54.622
39.9561467898,116.31454649,54.636
39.9561467907,116.314553468,54.634
39.9561467683,116.314560553,54.619
39.9561468522,116.314567635,54.625
39.956146947,116.314574797,54.628
39.9561470207,116.314582017,54.659
39.956147007,116.314589149,54.635
39.9561469535,116.314596315,54.617
39.9561470265,116.314603468,54.615
39.9561470953,116.3146104,54.601
39.9561471433,116.31461732,54.6
39.9561472657,116.314624424,54.591
39.9561473933,116.314631325,54.602
39.956147507,116.314638208,54.612
39.9561474903,116.314644931,54.616
39.956147492,116.314651682,54.613
39.9561477287,116.314658212,54.631
39.9561481585,116.314664689,54.628
39.956148435,116.314671113,54.619
39.956148466,116.314677269,54.604
39.9561487657,116.314683475,54.633
39.9561489625,116.314689256,54.584
39.9561494635,116.314695183,54.578
39.9561497625,116.314700845,54.587
39.9561500785,116.314706402,54.569
39.9561504788,116.314711893,54.571
39.9561508522,116.314717158,54.58
39.95615139,116.314722411,54.606
39.9561516003,116.314727291,54.578
39.9561520605,116.314731955,54.599
39.956152177,116.314736714,54.591
39.9561526303,116.314741205,54.589
39.9561527408,116.314745484,54.587
39.9561529223,116.314749848,54.597
39.956153102,116.314754134,54.608
39.956153257,116.314758443,54.619
39.9561532863,116.314762624,54.604
39.9561532348,116.314766921,54.626
39.9561531462,116.314771186,54.616
39.956153076,116.31477543,54.622
39.9561529178,116.31477968,54.619
39.9561526977,116.314783911,54.62
39.9561523077,116.314788019,54.602
39.9561518723,116.314792196,54.589
39.9561513022,116.314796368,54.604
39.9561507143,116.314800543,54.608
39.9561499798,116.314804587,54.593
39.9561491637,116.314808778,54.593
39.95614818,116.314812825,54.602
39.9561471328,116.314816782,54.61
39.9561457895,116.314820734,54.618
39.9561444292,116.31482453,54.605
39.9561429827,116.314828322,54.623
39.9561414675,116.31483205,54.616
39.9561398172,116.314835692,54.635
39.9561380208,116.314839325,54.624
39.9561359048,116.314842817,54.597
39.9561338722,116.314846188,54.623
39.9561316842,116.314849311,54.592
39.9561293323,116.314852561,54.634
39.9561270335,116.314855534,54.618
39.9561245222,116.314858365,54.621
39.95612189,116.314861224,54.629
39.9561192597,116.314863711,54.616
39.956116413,116.314866281,54.616
39.9561136852,116.314868805,54.629
39.956110809,116.314871088,54.62
39.9561077243,116.314873023,54.658
39.9561045875,116.314874931,54.654
39.9561014585,116.314876874,54.634
39.9560981417,116.314878611,54.659
39.9560950055,116.314880451,54.667
39.9560916185,116.314881998,54.674
39.9560881377,116.314883427,54.686
39.9560846567,116.314884695,54.64
39.9560811228,116.314886031,54.685
39.9560775653,116.314887168,54.665
39.9560737988,116.314888313,54.674
39.95607001,116.314889246,54.671
39.9560660848,116.314890006,54.665
39.9560620505,116.314890782,54.687
39.9560579337,116.314891379,54.704
39.9560538237,116.314891953,54.698
39.9560495435,116.314892371,54.698
39.9560451818,116.314892774,54.722
39.9560407318,116.314893003,54.72
39.9560362767,116.314893198,54.717
39.9560317092,116.31489321,54.712
39.9560270888,116.314893174,54.731
39.9560223747,116.314892934,54.727
39.9560176448,116.314892778,54.737
39.9560129447,116.314892502,54.714
39.9560080178,116.314892086,54.743
39.9560031523,116.31489166,54.781
39.9559982325,116.314891315,54.801
39.955993221,116.314890963,54.773
39.9559880458,116.314890698,54.711
39.9559830425,116.314890381,54.71
39.9559779267,116.314890083,54.716
39.9559727298,116.314889722,54.73
39.955967563,116.314889539,54.733
39.9559624577,116.314889355,54.739
39.955957158,116.314889042,54.726
39.9559519807,116.314888858,54.733
39.9559467152,116.314888723,54.734
39.9559416025,116.314888601,54.764
39.9559363013,116.314888486,54.754
39.9559310797,116.314888281,54.752
39.9559258872,116.314888178,54.785
39.9559207352,116.314887999,54.759
39.9559154843,116.314887615,54.781
39.9559103455,116.314887391,54.79
39.9559052723,116.314887043,54.785
39.9559003192,116.314886749,54.789
39.9558953472,116.314886264,54.779
39.9558905903,116.314885754,54.733
39.955885669,116.314885135,54.875
39.9558809387,116.314884315,54.856
39.9558761778,116.314883509,54.887
39.9558714978,116.314882455,54.911
39.9558670322,116.314881409,54.868
39.9558623922,116.314880391,54.935
39.9558580962,116.314878807,54.839
39.9558537723,116.314877427,54.876
39.9558493908,116.314876057,54.884
39.955845342,116.314873966,54.861
39.955841194,116.314872152,54.862
39.9558371738,116.314870148,54.884
39.9558334788,116.31486776,54.866
39.9558296975,116.314865511,54.893
39.9558262445,116.314863275,54.856
39.9558226965,116.314860533,54.901
39.9558192445,116.314857874,54.909
39.955816183,116.314854879,54.842
39.9558131297,116.314851953,54.843
39.9558102877,116.31484883,54.835
39.9558074502,116.314845641,54.828
39.955804705,116.314842393,54.84
39.9558022058,116.314839219,54.862
39.9557999383,116.31483615,54.863
39.9557979557,116.314832194,54.844
39.9557958152,116.31482899,54.877
39.9557941667,116.314825236,54.815
39.9557924483,116.314821667,54.876
39.9557908208,116.31481837,54.901
39.9557893725,116.314814551,54.913
39.955788422,116.314810992,54.782
39.9557872053,116.314807543,54.824
39.9557863435,116.314803888,54.792
39.9557853907,116.314800408,54.846
39.9557847508,116.314796754,54.791
39.9557842242,116.314793117,54.769
39.9557837147,116.314789668,54.779
39.9557832763,116.314786506,54.803
39.9557828648,116.31478343,54.827
39.9557827963,116.314779827,54.797
39.9557826207,116.314776774,54.844
39.955782636,116.314773403,54.794
39.9557826517,116.314770361,54.801
39.9557826203,116.314767049,54.787
39.9557827603,116.314764085,54.821
39.9557829252,116.314761286,54.82
39.9557830568,116.314757833,54.798
39.9557834688,116.314754929,54.798
39.955783645,116.31475209,54.808
39.9557839978,116.314749047,54.777
39.9557841702,116.314746162,54.753
39.9557845112,116.314743419,54.77
39.9557848273,116.314740612,54.74
39.9557851545,116.314737786,54.748
39.955785573,116.314734996,54.716
39.955785929,116.314731815,54.706
39.9557862107,116.314729353,54.734
39.9557863438,116.314726689,54.747
39.9557867127,116.31472372,54.715
39.9557870335,116.314720927,54.759
39.9557874912,116.314717955,54.797
39.9557877412,116.314715207,54.816
39.9557880287,116.314712347,54.831
39.9557883938,116.314709546,54.82
39.9557887957,116.314706856,54.794
39.955788973,116.314704022,54.817
39.955789296,116.314701221,54.788
39.9557895583,116.31469868,54.748
39.9557897413,116.314695837,54.763
39.9557899625,116.314693152,54.767
39.955790027,116.314690587,54.796
39.9557902177,116.314688021,54.755
39.9557903585,116.314685532,54.778
39.9557903638,116.314683098,54.801
39.955790532,116.314680933,54.778
39.9557905715,116.314678884,54.78
39.9557905133,116.314676924,54.784
39.9557905582,116.314675447,54.776
39.9557906175,116.314673939,54.776
39.9557905615,116.314672452,54.77
39.9557905917,116.314671341,54.81
39.9557904968,116.314670084,54.801
39.9557904272,116.314669436,54.824
39.9557906228,116.314668753,54.776
39.9557905543,116.314668328,54.801
39.9557904858,116.314668181,54.796
39.9557905607,116.314668161,54.78
39.9557905198,116.314668281,54.807
39.9557905335,116.314668289,54.819
39.9557905428,116.314668131,54.811
39.9557905182,116.314668214,54.813
39.9557905867,116.314668273,54.768
39.9557906322,116.314668253,54.765
39.955790608,116.314668258,54.766
39.9557905915,116.314668295,54.766
39.9557906143,116.31466825,54.771
39.955790625,116.314668276,54.761
39.9557906387,116.314668269,54.76
39.9557906718,116.314668327,54.755
39.9557906463,116.314668278,54.751
39.9557906323,116.314668275,54.76
39.9557905592,116.314668241,54.78
39.9557905588,116.31466821,54.784
39.9557905728,116.314668266,54.78
39.9557906123,116.31466826,54.768
39.955790561,116.314668201,54.784
39.9557905698,116.314668208,54.785
39.955790584,116.314668247,54.776
39.9557905767,116.314668225,54.781
39.9557905638,116.314668257,54.776
39.9557905607,116.314668272,54.777
39.9557905793,116.314668226,54.78
39.9557905745,116.314668265,54.776
39.9557905833,116.314668244,54.784
39.9557905983,116.314668258,54.776
39.9557905962,116.314668257,54.777
39.955790588,116.314668229,54.783
39.9557905842,116.31466825,54.78
39.955790606,116.314668243,54.778
39.9557905747,116.314668259,54.777
39.955790567,116.314668259,54.785
39.9557905803,116.314668254,54.785
39.955790592,116.314668225,54.785
39.9557905632,116.314668259,54.779
39.9557905457,116.314668258,54.791
39.9557906167,116.31466823,54.775
39.9557905605,116.314668225,54.786
39.9557905695,116.31466826,54.783
39.9557906307,116.314668218,54.778
39.9557905927,116.314668253,54.779
39.9557905867,116.314668247,54.771
39.9557905655,116.31466827,54.77
39.955790623,116.314668256,54.762
39.9557905913,116.314668267,54.769
39.9557905787,116.314668235,54.77
39.9557905743,116.314668263,54.772
39.955790595,116.314668259,54.767
39.9557905692,116.314668249,54.77
39.9557905523,116.314668243,54.768
39.955790586,116.314668266,54.766
39.955790572,116.314668227,54.777
39.9557905088,116.314668194,54.78
39.9557905405,116.314668251,54.772
39.9557905785,116.314668202,54.767
39.955790545,116.314668217,54.777
39.9557905568,116.314668226,54.773
39.9557905658,116.314668213,54.769
39.9557905463,116.314668255,54.78
39.9557905587,116.314668183,54.771
39.9557905378,116.31466824,54.775
39.9557905743,116.314668207,54.775
39.9557906035,116.314668221,54.769
39.9557906247,116.314668221,54.766
39.9557905795,116.31466828,54.776
39.9557906073,116.314668207,54.771
39.9557906082,116.314668251,54.767
39.955790573,116.314668253,54.771
39.9557906093,116.314668238,54.769
39.955790617,116.314668255,54.767
39.9557906045,116.314668209,54.765
39.9557905862,116.314668243,54.769
39.9557906443,116.314668257,54.762
39.9557906378,116.314668214,54.758
39.9557906235,116.31466826,54.762
39.9557906345,116.314668235,54.76
39.9557906352,116.314668243,54.758
39.9557906612,116.314668223,54.76
39.9557906653,116.314668222,54.755
39.9557906675,116.314668227,54.754
39.9557906188,116.314668229,54.763
39.9557906717,116.314668225,54.755
39.95579064,116.314668248,54.761
39.9557906573,116.314668236,54.759
39.9557905963,116.314668265,54.775
39.9557905627,116.314668315,54.772
39.9557906272,116.314668278,54.773
39.9557906078,116.314668302,54.766
39.9557905838,116.314668301,54.772
39.9557906102,116.314668285,54.771
39.9557905912,116.314668308,54.774
39.9557905813,116.314668278,54.77
39.9557905785,116.314668269,54.776
39.9557905897,116.314668259,54.777
39.9557905518,116.314668276,54.775
39.9557905667,116.314668263,54.772
39.955790583,116.314668276,54.772
39.9557905898,116.314668243,54.777
39.9557905502,116.314668273,54.775
39.955790571,116.314668298,54.776
39.9557905875,116.314668225,54.771
39.9557905963,116.314668314,54.778
39.9557906778,116.314668228,54.762
39.9557906702,116.314668212,54.766
39.955790645,116.314668207,54.767
39.9557906397,116.314668195,54.768
39.9557906623,116.314668224,54.771
39.9557906632,116.314668205,54.764
39.955790662,116.314668204,54.761
39.955790667,116.314668239,54.772
39.9557907083,116.314668235,54.761
39.955790666,116.314668176,54.758
